(0,0.000)
(1,0.000)
(2,0.000)
(3,0.000)
(4,0.000)
(5,0.000)
(6,0.000)
(7,0.000)
(8,0.001)
(9,0.001)
(10,0.002)
(11,0.002)
(12,0.002)
(13,0.002)
(14,0.001)
(15,0.003)
(16,0.004)
(17,0.004)
(18,0.004)
(19,0.005)
(20,0.005)
(21,0.005)
(22,0.004)
(23,0.005)
(24,0.006)
(25,0.007)
(26,0.006)
(27,0.007)
(28,0.008)
(29,0.008)
(30,0.009)
(31,0.010)
(32,0.010)
(33,0.010)
(34,0.011)
(35,0.012)
(36,0.012)
(37,0.013)
(38,0.015)
(39,0.015)
(40,0.016)
(41,0.016)
(42,0.016)
(43,0.016)
(44,0.016)
(45,0.017)
(46,0.019)
(47,0.020)
(48,0.020)
(49,0.020)
(50,0.021)
(51,0.023)
(52,0.024)
(53,0.024)
(54,0.024)
(55,0.026)
(56,0.029)
(57,0.035)
(58,0.029)
(59,0.031)
(60,0.031)
(61,0.029)
(62,0.032)
(63,0.040)
(64,0.035)
(65,0.038)
(66,0.041)
(67,0.040)
(68,0.041)
(69,0.044)
(70,0.058)
(71,0.055)
(72,0.052)
(73,0.054)
(74,0.047)
(75,0.049)
(76,0.049)
(77,0.052)
(78,0.052)
(79,0.055)
(80,0.057)
(81,0.060)
(82,0.060)
(83,0.062)
(84,0.063)
(85,0.066)
(86,0.072)
(87,0.068)
(88,0.072)
(89,0.074)
(90,0.070)
(91,0.076)
(92,0.072)
(93,0.073)
(94,0.076)
(95,0.075)
(96,0.076)
(97,0.077)
(98,0.077)
(99,0.080)
(100,0.080)
(101,0.085)
(102,0.087)
(103,0.087)
(104,0.103)
(105,0.091)
(106,0.102)
(107,0.095)
(108,0.097)
(109,0.098)
(110,0.101)
(111,0.085)
(112,0.032)
(113,0.032)
(114,0.033)
(115,0.033)
(116,0.033)
(117,0.035)
(118,0.035)
(119,0.036)
(120,0.037)
(121,0.037)
(122,0.038)
(123,0.037)
(124,0.040)
(125,0.039)
(126,0.040)
(127,0.041)
(128,0.042)
(129,0.042)
(130,0.043)
(131,0.044)
(132,0.045)
(133,0.045)
(134,0.044)
(135,0.045)
(136,0.048)
(137,0.047)
(138,0.047)
(139,0.049)
(140,0.050)
(141,0.052)
(142,0.055)
(143,0.057)
(144,0.056)
(145,0.054)
(146,0.056)
(147,0.057)
(148,0.056)
(149,0.061)
(150,0.062)
(151,0.064)
(152,0.073)
(153,0.062)
(154,0.062)
(155,0.061)
(156,0.062)
(157,0.063)
(158,0.065)
(159,0.065)
(160,0.066)
(161,0.067)
(162,0.066)
(163,0.068)
(164,0.070)
(165,0.071)
(166,0.070)
(167,0.073)
(168,0.074)
(169,0.075)
(170,0.075)
(171,0.074)
(172,0.075)
(173,0.076)
(174,0.078)
(175,0.079)
(176,0.079)
(177,0.081)
(178,0.084)
(179,0.082)
(180,0.086)
(181,0.084)
(182,0.086)
(183,0.088)
(184,0.104)
(185,0.106)
(186,0.098)
(187,0.093)
(188,0.092)
(189,0.095)
(190,0.095)
(191,0.098)
(192,0.097)
(193,0.097)
(194,0.098)
(195,0.100)
(196,0.101)
(197,0.101)
(198,0.100)
(199,0.103)
(200,0.103)
(201,0.104)
(202,0.104)
(203,0.106)
(204,0.108)
(205,0.111)
(206,0.110)
(207,0.109)
(208,0.112)
(209,0.117)
(210,0.120)
(211,0.106)
(212,0.106)
(213,0.106)
(214,0.107)
(215,0.116)
(216,0.121)
(217,0.131)
(218,0.118)
(219,0.122)
(220,0.127)
(221,0.128)
(222,0.128)
(223,0.128)
(224,0.133)
(225,0.131)
(226,0.131)
(227,0.132)
(228,0.135)
(229,0.135)
(230,0.139)
(231,0.138)
(232,0.138)
(233,0.142)
(234,0.143)
(235,0.145)
(236,0.145)
(237,0.148)
(238,0.148)
(239,0.152)
(240,0.182)
(241,0.139)
(242,0.141)
(243,0.139)
(244,0.140)
(245,0.144)
(246,0.143)
(247,0.144)
(248,0.148)
(249,0.147)
(250,0.147)
(251,0.147)
(252,0.151)
(253,0.151)
(254,0.154)
(255,0.154)
(256,0.155)
(257,0.158)
(258,0.156)
(259,0.160)
(260,0.159)
(261,0.161)
(262,0.164)
(263,0.162)
(264,0.166)
(265,0.178)
(266,0.178)
(267,0.167)
(268,0.172)
(269,0.172)
(270,0.170)
(271,0.172)
(272,0.178)
(273,0.178)
(274,0.178)
(275,0.179)
(276,0.186)
(277,0.179)
(278,0.183)
(279,0.185)
(280,0.184)
(281,0.185)
(282,0.185)
(283,0.191)
(284,0.192)
(285,0.205)
(286,0.218)
(287,0.218)
(288,0.208)
(289,0.198)
(290,0.199)
(291,0.217)
(292,0.228)
(293,0.224)
(294,0.227)
(295,0.232)
(296,0.232)
(297,0.261)
(298,0.257)
(299,0.239)
(300,0.239)
(301,0.239)
(302,0.242)
(303,0.251)
(304,0.225)
(305,0.223)
(306,0.222)
(307,0.222)
(308,0.224)
(309,0.228)
(310,0.253)
(311,0.236)
(312,0.232)
(313,0.233)
(314,0.236)
(315,0.236)
(316,0.238)
(317,0.240)
(318,0.241)
(319,0.242)
(320,0.262)
(321,0.249)
(322,0.249)
(323,0.249)
(324,0.250)
(325,0.253)
(326,0.253)
(327,0.255)
(328,0.257)
(329,0.258)
(330,0.261)
(331,0.262)
(332,0.262)
(333,0.261)
(334,0.266)
(335,0.278)
(336,0.278)
(337,0.271)
(338,0.270)
(339,0.275)
(340,0.277)
(341,0.276)
(342,0.280)
(343,0.280)
(344,0.281)
(345,0.282)
(346,0.285)
(347,0.286)
(348,0.287)
(349,0.299)
(350,0.324)
(351,0.334)
(352,0.337)
(353,0.364)
(354,0.339)
(355,0.330)
(356,0.333)
(357,0.334)
(358,0.337)
(359,0.339)
(360,0.342)
(361,0.350)
(362,0.347)
(363,0.346)
(364,0.346)
(365,0.349)
(366,0.351)
(367,0.354)
(368,0.357)
(369,0.359)
(370,0.358)
(371,0.360)
(372,0.359)
(373,0.352)
(374,0.334)
(375,0.334)
(376,0.335)
(377,0.338)
(378,0.375)
(379,0.374)
(380,0.380)
(381,0.379)
(382,0.390)
(383,0.366)
(384,0.350)
(385,0.350)
(386,0.352)
(387,0.354)
(388,0.355)
(389,0.357)
(390,0.361)
(391,0.364)
(392,0.365)
(393,0.367)
(394,0.389)
(395,0.372)
(396,0.371)
(397,0.391)
(398,0.418)
(399,0.430)
(400,0.417)
(401,0.423)
(402,0.422)
(403,0.428)
(404,0.390)
(405,0.389)
(406,0.388)
(407,0.393)
(408,0.396)
(409,0.393)
(410,0.396)
(411,0.400)
(412,0.401)
(413,0.409)
(414,0.413)
(415,0.407)
(416,0.409)
(417,0.412)
(418,0.414)
(419,0.416)
(420,0.419)
(421,0.419)
(422,0.422)
(423,0.443)
(424,0.424)
(425,0.426)
(426,0.427)
(427,0.428)
(428,0.433)
(429,0.433)
(430,0.435)
(431,0.438)
(432,0.485)
(433,0.501)
(434,0.492)
(435,0.489)
(436,0.447)
(437,0.449)
(438,0.451)
(439,0.466)
(440,0.509)
(441,0.514)
(442,0.547)
(443,0.520)
(444,0.520)
(445,0.548)
(446,0.706)
(447,0.720)
(448,0.660)
(449,0.665)
(450,0.669)
(451,0.665)
(452,0.666)
(453,0.703)
(454,0.680)
(455,0.684)
(456,0.678)
(457,0.683)
(458,0.683)
(459,0.711)
(460,0.693)
(461,0.692)
(462,0.697)
(463,0.700)
(464,0.732)
(465,0.719)
(466,0.709)
(467,0.713)
(468,0.712)
(469,0.723)
(470,0.746)
(471,0.725)
(472,0.733)
(473,0.732)
(474,0.742)
(475,0.760)
(476,0.738)
(477,0.742)
(478,0.839)
(479,0.680)
(480,0.706)
(481,0.627)
(482,0.569)
(483,0.588)
(484,0.595)
(485,0.552)
(486,0.557)
(487,0.569)
(488,0.570)
(489,0.559)
(490,0.564)
(491,0.563)
(492,0.567)
(493,0.569)
(494,0.585)
(495,0.576)
(496,0.576)
(497,0.579)
(498,0.580)
(499,0.579)
(500,0.587)
(501,0.604)
(502,0.586)
(503,0.592)
(504,0.595)
(505,0.596)
(506,0.598)
(507,0.599)
(508,0.606)
(509,0.608)
(510,0.606)
(511,0.610)
(512,0.608)
(513,0.611)
(514,0.617)
(515,0.635)
(516,0.620)
(517,0.620)
(518,0.620)
(519,0.634)
(520,0.697)
(521,0.634)
(522,0.653)
(523,0.636)
(524,0.636)
(525,0.643)
(526,0.640)
(527,0.646)
(528,0.648)
(529,0.646)
(530,0.653)
(531,0.657)
(532,0.657)
(533,0.674)
(534,0.661)
(535,0.663)
(536,0.693)
(537,0.739)
(538,0.764)
(539,0.765)
(540,0.752)
(541,0.750)
(542,0.699)
(543,0.683)
(544,0.713)
(545,0.686)
(546,0.690)
(547,0.695)
(548,0.696)
(549,0.707)
(550,0.712)
(551,0.704)
(552,0.703)
(553,0.708)
(554,0.706)
(555,0.751)
(556,0.743)
(557,0.717)
(558,0.721)
(559,0.723)
(560,0.736)
(561,0.736)
(562,0.733)
(563,0.744)
(564,0.745)
(565,0.742)
(566,0.759)
(567,0.746)
(568,0.747)
(569,0.750)
(570,0.752)
(571,0.768)
(572,0.757)
(573,0.757)
(574,0.791)
(575,0.874)
(576,0.812)
(577,0.768)
(578,0.770)
(579,0.773)
(580,0.773)
(581,0.798)
(582,0.778)
(583,0.784)
(584,0.798)
(585,0.792)
(586,0.796)
(587,0.885)
(588,0.864)
(589,0.822)
(590,0.866)
(591,0.881)
(592,0.876)
(593,0.815)
(594,0.811)
(595,0.835)
(596,0.825)
(597,0.823)
(598,0.827)
(599,0.844)
(600,0.848)
(601,0.834)
(602,0.838)
(603,0.897)
(604,0.931)
(605,0.871)
(606,0.845)
(607,0.861)
(608,0.851)
(609,0.877)
(610,0.857)
(611,0.858)
(612,0.864)
(613,0.868)
(614,0.890)
(615,0.872)
(616,0.876)
(617,0.899)
(618,0.889)
(619,0.883)
(620,0.884)
(621,0.888)
(622,0.934)
(623,0.928)
(624,0.898)
(625,0.900)
(626,0.904)
(627,0.922)
(628,0.911)
(629,0.912)
(630,0.911)
(631,0.930)
(632,0.921)
(633,0.920)
(634,0.921)
(635,0.927)
(636,0.944)
(637,0.932)
(638,0.936)
(639,0.935)
(640,0.976)
(641,0.941)
(642,0.949)
(643,0.949)
(644,0.978)
(645,0.956)
(646,0.957)
(647,0.965)
(648,0.982)
(649,0.971)
(650,0.972)
(651,0.974)
(652,0.988)
(653,0.980)
(654,0.984)
(655,0.983)
(656,1.007)
(657,0.992)
(658,0.993)
(659,0.994)
(660,1.000)
(661,1.002)
(662,1.006)
(663,1.004)
(664,1.028)
(665,1.012)
(666,1.016)
(667,1.016)
(668,1.035)
(669,1.052)
(670,1.030)
(671,1.029)
(672,1.036)
(673,1.034)
(674,1.044)
(675,1.049)
(676,1.046)
(677,1.051)
(678,1.050)
(679,1.058)
(680,1.063)
(681,1.061)
(682,1.066)
(683,1.083)
(684,1.074)
(685,1.076)
(686,1.079)
(687,1.082)
(688,1.084)
(689,1.088)
(690,1.092)
(691,1.089)
(692,1.233)
(693,1.220)
(694,1.229)
(695,1.224)
(696,1.228)
(697,1.178)
(698,1.112)
(699,1.112)
(700,1.122)
(701,1.140)
(702,1.122)
(703,1.129)
(704,1.144)
(705,1.131)
(706,1.145)
(707,1.144)
(708,1.154)
(709,1.148)
(710,1.147)
(711,1.156)
(712,1.155)
(713,1.157)
(714,1.230)
(715,1.200)
(716,1.212)
(717,1.175)
(718,1.197)
(719,1.187)
(720,1.223)
(721,1.202)
(722,1.191)
(723,1.190)
(724,1.196)
(725,1.203)
(726,1.208)
(727,1.208)
(728,1.223)
(729,1.227)
(730,1.219)
(731,1.237)
(732,1.221)
(733,1.238)
(734,1.414)
(735,1.388)
(736,1.387)
(737,1.345)
(738,1.277)
(739,1.248)
(740,1.397)
(741,1.416)
(742,1.386)
(743,1.382)
(744,1.408)
(745,1.485)
(746,1.379)
(747,1.405)
(748,1.399)
(749,1.282)
(750,1.287)
(751,1.312)
(752,1.283)
(753,1.306)
(754,1.308)
(755,1.334)
(756,1.408)
(757,1.432)
(758,1.329)
(759,1.340)
(760,1.414)
(761,1.319)
(762,1.322)
(763,1.345)
(764,1.335)
(765,1.332)
(766,1.355)
(767,1.353)
(768,1.422)
(769,1.368)
(770,1.355)
(771,1.384)
(772,1.415)
(773,1.366)
(774,1.370)
(775,1.403)
(776,1.383)
(777,1.381)
(778,1.397)
(779,1.402)
(780,1.396)
(781,1.386)
(782,1.390)
(783,1.415)
(784,1.400)
(785,1.401)
(786,1.419)
(787,1.429)
(788,1.520)
(789,1.622)
(790,1.578)
(791,1.570)
(792,1.429)
(793,1.435)
(794,1.451)
(795,1.440)
(796,1.446)
(797,1.462)
(798,1.446)
(799,1.449)
(800,1.472)
(801,1.462)
(802,1.488)
(803,1.466)
(804,1.469)
(805,1.517)
(806,1.509)
(807,1.519)
(808,1.538)
(809,1.484)
(810,1.490)
(811,1.497)
(812,1.498)
(813,1.527)
(814,1.519)
(815,1.526)
(816,1.516)
(817,1.520)
(818,1.523)
(819,1.523)
(820,1.530)
(821,1.543)
(822,1.543)
(823,1.558)
(824,1.586)
(825,1.548)
(826,1.569)
(827,1.555)
(828,1.575)
(829,1.568)
(830,1.561)
(831,1.584)
(832,1.570)
(833,1.577)
(834,1.590)
(835,1.585)
(836,1.587)
(837,1.587)
(838,1.596)
(839,1.600)
(840,1.603)
(841,1.609)
(842,1.606)
(843,1.612)
(844,1.619)
(845,1.641)
(846,1.638)
(847,1.623)
(848,1.646)
(849,1.634)
(850,1.636)
(851,1.646)
(852,1.653)
(853,1.667)
(854,1.663)
(855,1.686)
(856,1.666)
(857,1.665)
(858,1.672)
(859,1.673)
(860,1.682)
(861,1.683)
(862,1.688)
(863,1.697)
(864,1.699)
(865,1.725)
(866,1.706)
(867,1.722)
(868,1.749)
(869,1.911)
(870,1.783)
(871,1.722)
(872,1.732)
(873,1.729)
(874,1.779)
(875,1.737)
(876,1.772)
(877,1.749)
(878,1.765)
(879,1.752)
(880,1.759)
(881,1.778)
(882,1.763)
(883,1.788)
(884,1.785)
(885,1.778)
(886,1.780)
(887,1.781)
(888,1.791)
(889,1.788)
(890,1.793)
(891,1.796)
(892,1.802)
(893,1.802)
(894,1.926)
(895,1.958)
(896,1.990)
(897,1.818)
(898,1.843)
(899,1.829)
(900,1.855)
(901,1.836)
(902,1.866)
(903,1.875)
(904,2.160)
(905,1.849)
(906,1.870)
(907,1.851)
(908,1.863)
(909,1.893)
(910,1.936)
(911,2.028)
(912,1.961)
(913,1.925)
(914,1.888)
(915,1.904)
(916,1.897)
(917,1.905)
(918,1.907)
(919,2.085)
(920,1.915)
(921,1.935)
(922,1.977)
(923,1.942)
(924,1.926)
(925,1.947)
(926,1.940)
(927,1.957)
(928,2.035)
(929,1.964)
(930,1.955)
(931,1.971)
(932,1.959)
(933,2.040)
(934,1.965)
(935,2.032)
(936,1.972)
(937,2.000)
(938,2.008)
(939,2.016)
(940,1.997)
(941,2.014)
(942,2.005)
(943,2.025)
(944,2.015)
(945,2.031)
(946,2.012)
(947,2.093)
(948,2.044)
(949,2.047)
(950,2.027)
(951,2.044)
(952,2.049)
(953,2.046)
(954,2.046)
(955,2.106)
(956,2.069)
(957,2.071)
(958,2.068)
(959,2.096)
(960,2.073)
(961,2.077)
(962,2.083)
(963,2.095)
(964,2.094)
(965,2.097)
(966,2.105)
(967,2.108)
(968,2.120)
(969,2.117)
(970,2.123)
(971,2.165)
(972,2.130)
(973,2.128)
(974,2.132)
(975,2.159)
(976,2.143)
(977,2.166)
(978,2.148)
(979,2.172)
(980,2.159)
(981,2.195)
(982,2.168)
(983,2.224)
(984,2.189)
(985,2.199)
(986,2.196)
(987,2.189)
(988,2.192)
(989,2.197)
(990,2.199)
(991,2.204)
(992,2.229)
(993,2.231)
(994,2.259)
(995,2.248)
(996,2.239)
(997,2.238)
(998,2.240)
(999,2.242)
(1000,2.248)
(1001,2.254)
(1002,2.270)
(1003,2.279)
(1004,2.296)
(1005,2.295)
(1006,2.314)
(1007,2.285)
(1008,2.289)
(1009,2.290)
(1010,2.299)
(1011,2.305)
(1012,2.300)
(1013,2.330)
(1014,2.380)
(1015,2.328)
(1016,2.448)
(1017,2.323)
(1018,2.344)
(1019,2.354)
(1020,2.400)
(1021,2.360)
(1022,2.358)
(1023,2.375)
(1024,2.372)
(1025,2.368)
(1026,2.400)
(1027,2.394)
(1028,2.377)
(1029,2.381)
(1030,2.423)
(1031,2.810)
(1032,2.409)
(1033,2.433)
(1034,2.452)
(1035,2.434)
(1036,2.446)
(1037,2.467)
(1038,2.444)
(1039,2.458)
(1040,2.435)
(1041,2.462)
(1042,2.467)
(1043,2.451)
(1044,2.475)
(1045,2.465)
(1046,2.493)
(1047,2.522)
(1048,2.484)
(1049,2.496)
(1050,2.499)
(1051,2.496)
(1052,2.504)
(1053,2.505)
(1054,2.512)
(1055,2.516)
(1056,2.521)
(1057,2.607)
(1058,2.548)
(1059,2.545)
(1060,2.573)
(1061,2.852)
(1062,2.826)
(1063,2.612)
(1064,2.578)
(1065,2.562)
(1066,2.591)
(1067,2.610)
(1068,2.584)
(1069,2.664)
(1070,2.604)
(1071,2.603)
(1072,2.599)
(1073,2.598)
(1074,2.607)
(1075,2.614)
(1076,2.679)
(1077,2.623)
(1078,2.672)
(1079,2.653)
(1080,2.645)
(1081,2.660)
(1082,2.700)
(1083,2.722)
(1084,2.697)
(1085,2.849)
(1086,2.867)
(1087,2.748)
(1088,2.708)
(1089,2.690)
(1090,2.704)
(1091,2.706)
(1092,2.697)
(1093,2.726)
(1094,2.909)
(1095,2.751)
(1096,2.711)
(1097,2.766)
(1098,2.743)
(1099,2.728)
(1100,2.757)
(1101,2.773)
(1102,2.738)
(1103,2.824)
(1104,2.795)
(1105,2.775)
(1106,2.774)
(1107,2.787)
(1108,2.796)
(1109,2.771)
(1110,2.807)
(1111,2.809)
(1112,2.817)
(1113,2.833)
(1114,2.839)
(1115,2.823)
(1116,2.819)
(1117,2.814)
(1118,2.836)
(1119,2.831)
(1120,2.837)
(1121,2.887)
(1122,2.869)
(1123,2.910)
(1124,2.867)
(1125,2.874)
(1126,2.867)
(1127,2.897)
(1128,2.896)
(1129,2.906)
(1130,2.908)
(1131,2.908)
(1132,2.915)
(1133,2.912)
(1134,2.970)
(1135,2.978)
(1136,2.994)
(1137,2.940)
(1138,2.933)
(1139,2.961)
(1140,2.949)
(1141,2.948)
(1142,2.959)
(1143,2.959)
(1144,2.959)
(1145,2.972)
(1146,2.975)
(1147,3.009)
(1148,2.992)
(1149,2.988)
(1150,2.990)
(1151,2.998)
(1152,3.022)
(1153,3.021)
(1154,3.016)
(1155,3.046)
(1156,3.032)
(1157,3.022)
(1158,3.031)
(1159,3.032)
(1160,3.045)
(1161,3.047)
(1162,3.057)
(1163,3.070)
(1164,3.100)
(1165,3.082)
(1166,3.079)
(1167,3.077)
(1168,3.091)
(1169,3.117)
(1170,3.109)
(1171,3.099)
(1172,3.158)
(1173,3.111)
(1174,3.122)
(1175,3.182)
(1176,3.113)
(1177,3.139)
(1178,3.146)
(1179,3.134)
(1180,3.192)
(1181,3.163)
(1182,3.190)
(1183,3.187)
(1184,3.173)
(1185,3.182)
(1186,3.180)
(1187,3.190)
(1188,3.223)
(1189,3.192)
(1190,3.220)
(1191,3.209)
(1192,3.206)
(1193,3.240)
(1194,3.262)
(1195,3.260)
(1196,3.225)
(1197,3.239)
(1198,3.264)
(1199,3.253)
(1200,3.286)
(1201,3.256)
(1202,3.283)
(1203,3.319)
(1204,3.278)
(1205,3.297)
(1206,3.276)
(1207,3.308)
(1208,3.306)
(1209,3.291)
(1210,3.300)
(1211,3.355)
(1212,3.328)
(1213,3.321)
(1214,3.347)
(1215,3.359)
(1216,3.338)
(1217,3.364)
(1218,3.400)
(1219,3.362)
(1220,3.344)
(1221,3.374)
(1222,3.367)
(1223,3.388)
(1224,3.401)
(1225,3.389)
(1226,3.440)
(1227,3.408)
(1228,3.403)
(1229,3.422)
(1230,3.427)
(1231,3.411)
(1232,3.429)
(1233,3.449)
(1234,3.461)
(1235,3.465)
(1236,3.452)
(1237,3.447)
(1238,3.460)
(1239,3.475)
(1240,3.501)
(1241,3.483)
(1242,3.505)
(1243,3.500)
(1244,3.494)
(1245,3.497)
(1246,3.501)
(1247,3.565)
(1248,3.526)
(1249,3.534)
(1250,3.512)
(1251,3.537)
(1252,3.540)
(1253,3.558)
(1254,3.576)
(1255,3.565)
(1256,3.579)
(1257,3.594)
(1258,3.577)
(1259,3.584)
(1260,3.584)
(1261,3.607)
(1262,3.592)
(1263,3.601)
(1264,3.598)
(1265,3.606)
(1266,3.619)
(1267,3.618)
(1268,3.648)
(1269,3.635)
(1270,3.643)
(1271,3.632)
(1272,3.689)
(1273,3.670)
(1274,3.659)
(1275,3.705)
(1276,3.657)
(1277,3.665)
(1278,3.683)
(1279,3.714)
(1280,3.776)
(1281,3.698)
(1282,3.756)
(1283,3.744)
(1284,3.720)
(1285,3.721)
(1286,3.760)
(1287,3.755)
(1288,3.750)
(1289,3.768)
(1290,3.758)
(1291,3.739)
(1292,3.756)
(1293,3.762)
(1294,3.779)
(1295,3.794)
(1296,3.791)
(1297,3.800)
(1298,3.804)
(1299,3.794)
(1300,3.801)
(1301,3.835)
(1302,3.850)
(1303,3.833)
(1304,3.831)
(1305,3.845)
(1306,3.845)
(1307,3.849)
(1308,3.857)
(1309,3.889)
(1310,3.872)
(1311,3.866)
(1312,3.900)
(1313,3.875)
(1314,3.869)
(1315,3.899)
(1316,3.886)
(1317,3.891)
(1318,3.893)
(1319,3.898)
(1320,3.905)
(1321,3.949)
(1322,3.915)
(1323,3.917)
(1324,3.936)
(1325,3.929)
(1326,3.943)
(1327,3.950)
(1328,3.975)
(1329,3.950)
(1330,3.965)
(1331,3.962)
(1332,3.984)
(1333,3.983)
(1334,4.007)
(1335,4.013)
(1336,3.995)
(1337,4.048)
(1338,4.025)
(1339,4.018)
(1340,4.090)
(1341,4.040)
(1342,4.127)
(1343,4.070)
(1344,4.060)
(1345,4.048)
(1346,4.785)
(1347,4.106)
(1348,4.089)
(1349,4.083)
(1350,4.102)
(1351,4.114)
(1352,4.116)
(1353,4.241)
(1354,4.554)
(1355,4.166)
(1356,4.132)
(1357,4.131)
(1358,4.180)
(1359,4.759)
(1360,4.906)
(1361,5.062)
(1362,4.884)
(1363,5.159)
(1364,4.785)
(1365,4.446)
(1366,4.429)
(1367,4.224)
(1368,4.195)
(1369,4.388)
(1370,4.224)
(1371,4.397)
(1372,4.240)
(1373,4.248)
(1374,4.316)
(1375,4.364)
(1376,4.253)
(1377,4.256)
(1378,4.288)
(1379,4.257)
(1380,4.284)
(1381,4.313)
(1382,4.293)
(1383,4.297)
(1384,4.329)
(1385,4.312)
(1386,4.735)
(1387,4.764)
(1388,4.567)
(1389,5.056)
(1390,4.335)
(1391,4.346)
(1392,4.572)
(1393,4.457)
(1394,4.395)
(1395,4.464)
(1396,4.387)
(1397,4.378)
(1398,4.409)
(1399,4.378)
(1400,4.495)
(1401,4.418)
(1402,4.413)
(1403,4.491)
(1404,4.449)
(1405,4.432)
(1406,4.447)
(1407,4.446)
(1408,4.503)
(1409,4.481)
(1410,4.444)
(1411,4.456)
(1412,4.452)
(1413,4.482)
(1414,4.485)
(1415,4.499)
(1416,4.496)
(1417,4.508)
(1418,4.497)
(1419,4.489)
(1420,4.565)
(1421,4.530)
(1422,4.524)
(1423,4.622)
(1424,4.541)
(1425,4.574)
(1426,4.982)
(1427,4.612)
(1428,4.630)
(1429,4.716)
(1430,4.872)
(1431,4.796)
(1432,4.993)
(1433,4.611)
(1434,4.617)
(1435,4.624)
(1436,4.657)
(1437,4.653)
(1438,4.638)
(1439,4.656)
(1440,4.676)
(1441,4.665)
(1442,4.683)
(1443,4.671)
(1444,4.668)
(1445,4.698)
(1446,4.696)
(1447,4.719)
(1448,4.704)
(1449,4.771)
(1450,4.716)
(1451,4.719)
(1452,4.764)
(1453,4.735)
(1454,4.851)
(1455,4.741)
(1456,4.754)
(1457,4.774)
(1458,4.836)
(1459,4.795)
(1460,4.763)
(1461,4.780)
(1462,4.788)
(1463,4.844)
(1464,4.819)
(1465,4.830)
(1466,4.823)
(1467,4.823)
(1468,4.863)
(1469,4.831)
(1470,4.881)
(1471,4.825)
(1472,4.841)
(1473,4.988)
(1474,4.874)
(1475,4.857)
(1476,4.885)
(1477,4.882)
(1478,4.912)
(1479,4.900)
(1480,4.899)
(1481,4.902)
(1482,4.925)
(1483,4.934)
(1484,4.941)
(1485,4.942)
(1486,4.962)
(1487,4.953)
(1488,4.986)
(1489,5.284)
(1490,5.041)
(1491,5.162)
(1492,5.015)
(1493,5.083)
(1494,5.098)
(1495,5.020)
(1496,5.034)
(1497,5.054)
(1498,5.055)
(1499,5.044)
(1500,5.047)
(1501,5.071)
(1502,5.053)
(1503,5.063)
(1504,5.073)
(1505,5.076)
(1506,5.101)
(1507,5.105)
(1508,5.107)
(1509,5.099)
(1510,5.147)
(1511,5.096)
(1512,5.104)
(1513,5.300)
(1514,5.137)
(1515,5.172)
(1516,5.131)
(1517,5.178)
(1518,5.200)
(1519,5.157)
(1520,5.165)
(1521,5.224)
(1522,5.177)
(1523,5.226)
(1524,5.192)
(1525,5.221)
(1526,5.201)
(1527,5.221)
(1528,5.277)
(1529,5.307)
(1530,5.224)
(1531,5.229)
(1532,5.250)
(1533,5.286)
(1534,5.287)
(1535,5.253)
(1536,5.303)
(1537,5.304)
(1538,5.286)
(1539,5.308)
(1540,5.300)
(1541,5.313)
(1542,5.362)
(1543,5.399)
(1544,5.379)
(1545,5.381)
(1546,5.345)
(1547,5.383)
(1548,5.614)
(1549,5.403)
(1550,5.350)
(1551,5.988)
(1552,5.423)
(1553,5.408)
(1554,5.428)
(1555,5.417)
(1556,5.432)
(1557,5.410)
(1558,5.414)
(1559,5.438)
(1560,5.540)
(1561,5.619)
(1562,5.544)
(1563,5.445)
(1564,5.453)
(1565,5.498)
(1566,5.552)
(1567,5.484)
(1568,5.548)
(1569,5.474)
(1570,5.513)
(1571,5.472)
(1572,5.487)
(1573,5.527)
(1574,5.551)
(1575,5.537)
(1576,5.520)
(1577,5.534)
(1578,5.541)
(1579,5.567)
(1580,5.639)
(1581,5.553)
(1582,5.548)
(1583,5.610)
(1584,5.652)
(1585,5.577)
(1586,5.585)
(1587,5.640)
(1588,5.680)
(1589,5.775)
(1590,6.000)
(1591,6.070)
(1592,5.912)
(1593,6.057)
(1594,5.927)
(1595,5.835)
(1596,6.304)
(1597,6.083)
(1598,5.892)
(1599,5.894)
(1600,5.822)
(1601,5.964)
(1602,6.247)
(1603,5.984)
(1604,6.207)
(1605,6.062)
(1606,5.823)
(1607,6.350)
(1608,6.152)
(1609,6.034)
(1610,6.437)
(1611,6.206)
(1612,6.338)
(1613,6.081)
(1614,6.208)
(1615,6.493)
(1616,6.426)
(1617,6.415)
(1618,6.465)
(1619,6.148)
(1620,6.421)
(1621,6.281)
(1622,6.245)
(1623,6.457)
(1624,6.402)
(1625,6.327)
(1626,6.509)
(1627,5.941)
(1628,6.196)
(1629,6.053)
(1630,6.208)
(1631,6.123)
(1632,5.997)
(1633,6.220)
(1634,6.000)
(1635,5.992)
(1636,6.047)
(1637,6.033)
(1638,6.009)
(1639,6.018)
(1640,6.065)
(1641,6.072)
(1642,6.580)
(1643,6.123)
(1644,6.031)
(1645,6.169)
(1646,6.138)
(1647,6.104)
(1648,6.084)
(1649,6.209)
(1650,6.129)
(1651,6.140)
(1652,6.128)
(1653,6.213)
(1654,6.135)
(1655,6.152)
(1656,6.211)
(1657,6.271)
(1658,6.242)
(1659,6.263)
(1660,6.258)
(1661,6.706)
(1662,6.259)
(1663,6.219)
(1664,6.250)
(1665,6.564)
(1666,6.809)
(1667,6.788)
(1668,6.786)
(1669,6.711)
(1670,6.414)
(1671,6.874)
(1672,7.113)
(1673,7.396)
(1674,6.859)
(1675,7.104)
(1676,7.947)
(1677,6.741)
(1678,8.045)
(1679,6.738)
(1680,8.146)
(1681,6.872)
(1682,7.555)
(1683,7.382)
(1684,7.192)
(1685,7.334)
(1686,7.066)
(1687,7.941)
(1688,6.715)
(1689,7.765)
(1690,6.884)
(1691,7.615)
(1692,6.782)
(1693,6.994)
(1694,7.498)
(1695,6.674)
(1696,7.786)
(1697,6.904)
(1698,7.564)
(1699,7.064)
(1700,7.059)
(1701,7.146)
(1702,6.772)
(1703,7.146)
(1704,6.987)
(1705,7.146)
(1706,7.128)
(1707,7.105)
(1708,6.880)
(1709,6.715)
(1710,6.953)
(1711,6.935)
(1712,6.774)
(1713,6.812)
(1714,6.980)
(1715,6.853)
(1716,6.747)
(1717,6.903)
(1718,6.782)
(1719,6.890)
(1720,6.716)
(1721,6.771)
(1722,7.089)
(1723,7.318)
(1724,6.936)
(1725,6.878)
(1726,6.748)
(1727,6.747)
(1728,6.855)
(1729,6.806)
(1730,6.767)
(1731,6.765)
(1732,6.914)
(1733,7.277)
(1734,6.916)
(1735,6.795)
(1736,7.107)
(1737,7.041)
(1738,7.008)
(1739,6.988)
(1740,6.946)
(1741,6.843)
(1742,7.134)
(1743,7.277)
(1744,6.965)
(1745,6.998)
(1746,7.084)
(1747,7.128)
(1748,7.107)
(1749,6.929)
(1750,7.138)
(1751,6.999)
(1752,6.933)
(1753,6.920)
(1754,6.915)
(1755,6.959)
(1756,7.083)
(1757,6.987)
(1758,7.488)
(1759,7.500)
(1760,7.474)
(1761,7.304)
(1762,7.162)
(1763,7.074)
(1764,7.490)
(1765,7.036)
(1766,7.257)
(1767,7.258)
(1768,7.153)
(1769,7.211)
(1770,7.038)
(1771,7.350)
(1772,7.502)
(1773,7.302)
(1774,7.640)
(1775,7.251)
(1776,7.188)
(1777,7.363)
(1778,7.737)
(1779,7.157)
(1780,7.350)
(1781,7.212)
(1782,7.174)
(1783,7.278)
(1784,7.264)
(1785,7.288)
(1786,7.216)
(1787,7.212)
(1788,7.250)
(1789,7.532)
(1790,7.204)
(1791,7.328)
(1792,7.403)
(1793,7.288)
(1794,7.418)
(1795,7.441)
(1796,7.297)
(1797,7.624)
(1798,7.635)
(1799,7.708)
(1800,7.510)
(1801,7.609)
(1802,7.684)
(1803,7.623)
(1804,7.311)
(1805,7.730)
(1806,7.353)
(1807,7.350)
(1808,7.646)
(1809,7.866)
(1810,7.669)
(1811,7.615)
(1812,7.667)
(1813,7.574)
(1814,7.664)
(1815,7.645)
(1816,7.645)
(1817,7.499)
(1818,7.932)
(1819,7.884)
(1820,7.975)
(1821,7.588)
(1822,7.795)
(1823,7.514)
(1824,7.581)
(1825,7.557)
(1826,7.597)
(1827,7.547)
(1828,7.575)
(1829,7.648)
(1830,7.545)
(1831,7.638)
(1832,7.581)
(1833,7.578)
(1834,7.570)
(1835,7.725)
(1836,7.568)
(1837,7.722)
(1838,7.683)
(1839,7.628)
(1840,7.642)
(1841,7.721)
(1842,7.757)
(1843,7.601)
(1844,7.739)
(1845,7.886)
(1846,7.702)
(1847,7.729)
(1848,7.726)
(1849,7.777)
(1850,7.709)
(1851,7.757)
(1852,7.736)
(1853,7.774)
(1854,7.798)
(1855,7.829)
(1856,7.760)
(1857,7.905)
(1858,7.961)
(1859,7.803)
(1860,7.826)
(1861,7.807)
(1862,7.864)
(1863,7.912)
(1864,8.000)
(1865,7.880)
(1866,7.871)
(1867,7.973)
(1868,7.895)
(1869,7.905)
(1870,8.008)
(1871,7.978)
(1872,7.932)
(1873,7.912)
(1874,7.897)
(1875,7.918)
(1876,7.928)
(1877,7.996)
(1878,7.998)
(1879,7.976)
(1880,8.132)
(1881,7.979)
(1882,8.060)
(1883,8.312)
(1884,8.031)
(1885,8.034)
(1886,8.194)
(1887,8.028)
(1888,8.245)
(1889,8.089)
(1890,8.091)
(1891,8.135)
(1892,8.767)
(1893,8.250)
(1894,8.306)
(1895,8.069)
(1896,8.285)
(1897,8.147)
(1898,8.318)
(1899,8.108)
(1900,8.150)
(1901,8.175)
(1902,8.393)
(1903,8.161)
(1904,8.198)
(1905,8.224)
(1906,8.372)
(1907,8.381)
(1908,8.272)
(1909,8.248)
(1910,8.256)
(1911,8.294)
(1912,8.284)
(1913,8.293)
(1914,8.314)
(1915,8.345)
(1916,8.578)
(1917,8.726)
(1918,8.409)
(1919,8.329)
(1920,8.507)
(1921,8.573)
(1922,8.369)
(1923,8.354)
(1924,8.340)
(1925,8.380)
(1926,8.765)
(1927,8.575)
(1928,9.190)
(1929,9.063)
(1930,9.202)
(1931,12.076)
(1932,11.165)
(1933,9.380)
(1934,9.263)
(1935,9.154)
(1936,8.889)
(1937,8.740)
(1938,8.539)
(1939,8.559)
(1940,8.495)
(1941,8.810)
(1942,9.182)
(1943,8.842)
(1944,8.844)
(1945,8.948)
(1946,9.017)
(1947,9.119)
(1948,9.473)
(1949,9.246)
(1950,9.456)
(1951,9.390)
(1952,9.351)
(1953,9.471)
(1954,9.393)
(1955,9.298)
(1956,9.159)
(1957,9.480)
(1958,9.056)
(1959,9.528)
(1960,9.245)
(1961,9.386)
(1962,9.388)
(1963,8.943)
(1964,9.503)
(1965,8.813)
(1966,8.989)
(1967,9.497)
(1968,9.137)
(1969,9.099)
(1970,8.988)
(1971,8.999)
(1972,8.968)
(1973,9.332)
(1974,8.868)
(1975,8.870)
(1976,9.313)
(1977,8.839)
(1978,8.966)
(1979,8.785)
(1980,8.814)
(1981,8.788)
(1982,8.882)
(1983,8.903)
(1984,9.425)
(1985,9.541)
(1986,9.266)
(1987,9.136)
(1988,9.454)
(1989,9.177)
(1990,9.856)
(1991,9.433)
(1992,9.537)
(1993,9.704)
(1994,9.414)
(1995,9.783)
(1996,9.788)
(1997,9.780)
(1998,9.534)
(1999,9.610)
(2000,9.774)
(2001,9.405)
(2002,10.060)
(2003,9.462)
(2004,9.563)
(2005,9.855)
(2006,9.731)
(2007,9.985)
(2008,9.576)
(2009,10.091)
(2010,9.838)
(2011,9.579)
(2012,9.945)
(2013,9.845)
(2014,10.227)
(2015,10.061)
(2016,9.684)
(2017,10.916)
(2018,9.467)
(2019,9.606)
(2020,9.947)
(2021,9.545)
(2022,10.099)
(2023,9.496)
(2024,10.135)
(2025,9.939)
(2026,9.654)
(2027,10.065)
(2028,9.793)
(2029,9.788)
(2030,9.906)
(2031,9.687)
(2032,10.120)
(2033,9.718)
(2034,10.296)
(2035,10.142)
(2036,9.589)
(2037,10.102)
(2038,9.726)
(2039,10.064)
(2040,9.939)
(2041,9.999)
(2042,10.215)
(2043,9.930)
(2044,10.298)
(2045,10.125)
(2046,9.881)
(2047,10.399)
(2048,9.803)
(2049,10.057)
(2050,10.248)
(2051,9.922)
(2052,10.253)
(2053,10.028)
(2054,9.958)
(2055,10.395)
(2056,9.921)
(2057,10.505)
(2058,10.156)
(2059,10.318)
(2060,10.446)
(2061,10.157)
(2062,10.540)
(2063,10.071)
(2064,10.133)
(2065,10.496)
(2066,10.408)
(2067,10.141)
(2068,10.400)
(2069,9.881)
(2070,10.521)
(2071,10.228)
(2072,10.332)
(2073,10.450)
(2074,10.043)
(2075,11.452)
(2076,12.154)
(2077,11.443)
(2078,10.462)
(2079,10.406)
(2080,10.316)
(2081,10.515)
(2082,10.548)
(2083,10.414)
(2084,10.672)
(2085,10.733)
(2086,10.396)
(2087,10.765)
(2088,10.715)
(2089,10.142)
(2090,10.339)
(2091,10.239)
(2092,10.006)
(2093,10.137)
(2094,10.084)
(2095,9.826)
(2096,9.917)
(2097,9.810)
(2098,9.921)
(2099,9.834)
(2100,9.957)
(2101,9.910)
(2102,9.942)
(2103,9.979)
(2104,10.674)
(2105,10.413)
(2106,10.392)
(2107,9.997)
(2108,10.192)
(2109,9.892)
(2110,9.971)
(2111,10.237)
(2112,10.098)
(2113,10.172)
(2114,10.015)
(2115,10.303)
(2116,10.109)
(2117,10.064)
(2118,10.085)
(2119,10.070)
(2120,10.083)
(2121,10.334)
(2122,10.918)
(2123,11.067)
(2124,10.378)
(2125,10.675)
(2126,11.222)
(2127,10.698)
(2128,10.912)
(2129,10.749)
(2130,10.690)
(2131,10.687)
(2132,10.851)
(2133,10.892)
(2134,10.907)
(2135,10.959)
(2136,10.575)
(2137,10.936)
(2138,10.875)
(2139,10.940)
(2140,11.036)
(2141,10.889)
(2142,11.095)
(2143,11.065)
(2144,11.200)
(2145,10.962)
(2146,11.172)
(2147,10.921)
(2148,10.679)
(2149,11.041)
(2150,10.908)
(2151,10.836)
(2152,11.044)
(2153,10.991)
(2154,10.635)
(2155,11.079)
(2156,11.191)
(2157,10.488)
(2158,10.802)
(2159,10.950)
(2160,11.041)
(2161,11.097)
(2162,11.233)
(2163,10.976)
(2164,10.871)
(2165,10.750)
(2166,10.622)
(2167,10.856)
(2168,11.119)
(2169,10.781)
(2170,10.904)
(2171,11.186)
(2172,11.571)
(2173,11.645)
(2174,11.563)
(2175,11.130)
(2176,11.071)
(2177,10.891)
(2178,11.296)
(2179,11.459)
(2180,11.122)
(2181,10.932)
(2182,10.964)
(2183,11.042)
(2184,11.059)
(2185,11.084)
(2186,11.011)
(2187,10.858)
(2188,11.047)
(2189,11.154)
(2190,10.913)
(2191,11.448)
(2192,11.328)
(2193,11.515)
(2194,11.209)
(2195,11.153)
(2196,11.113)
(2197,11.262)
(2198,11.133)
(2199,10.966)
(2200,11.356)
(2201,11.183)
(2202,11.213)
(2203,11.198)
(2204,11.404)
(2205,11.168)
(2206,11.432)
(2207,11.088)
(2208,10.950)
(2209,11.088)
(2210,11.091)
(2211,11.063)
(2212,11.041)
(2213,10.961)
(2214,11.199)
(2215,11.014)
(2216,11.266)
(2217,11.040)
(2218,11.542)
(2219,11.608)
(2220,11.445)
(2221,11.448)
(2222,11.428)
(2223,11.356)
(2224,11.164)
(2225,11.152)
(2226,11.117)
(2227,11.179)
(2228,11.322)
(2229,11.302)
(2230,11.183)
(2231,11.742)
(2232,11.597)
(2233,11.501)
(2234,11.379)
(2235,11.280)
(2236,11.210)
(2237,11.278)
(2238,11.474)
(2239,11.528)
(2240,11.736)
(2241,11.776)
(2242,11.853)
(2243,11.331)
(2244,11.367)
(2245,11.930)
(2246,11.688)
(2247,11.537)
(2248,11.650)
(2249,11.714)
(2250,11.446)
(2251,11.343)
(2252,11.884)
(2253,11.406)
(2254,11.912)
(2255,11.557)
(2256,11.694)
(2257,11.699)
(2258,11.564)
(2259,11.593)
(2260,11.484)
(2261,12.045)
(2262,11.900)
(2263,11.742)
(2264,11.780)
(2265,11.548)
(2266,12.282)
(2267,11.865)
(2268,11.793)
(2269,11.767)
(2270,11.763)
(2271,12.141)
(2272,12.007)
(2273,12.015)
(2274,12.475)
(2275,12.061)
(2276,11.987)
(2277,12.192)
(2278,15.199)
(2279,16.839)
(2280,14.041)
(2281,12.831)
(2282,12.756)
(2283,12.296)
(2284,12.609)
(2285,12.553)
(2286,12.187)
(2287,12.422)
(2288,12.656)
(2289,12.734)
(2290,12.459)
(2291,12.359)
(2292,12.445)
(2293,12.137)
(2294,11.929)
(2295,12.754)
(2296,12.382)
(2297,12.328)
(2298,12.304)
(2299,12.030)
(2300,11.922)
(2301,11.961)
(2302,12.622)
(2303,12.415)
(2304,13.117)
(2305,12.249)
(2306,12.163)
(2307,12.251)
(2308,12.148)
(2309,12.019)
(2310,11.912)
(2311,12.127)
(2312,12.243)
(2313,12.307)
(2314,12.435)
(2315,12.572)
(2316,12.588)
(2317,12.248)
(2318,12.148)
(2319,12.337)
(2320,12.848)
(2321,12.287)
(2322,12.191)
(2323,12.248)
(2324,12.104)
(2325,12.099)
(2326,12.216)
(2327,12.292)
(2328,12.156)
(2329,12.441)
(2330,12.352)
(2331,12.148)
(2332,12.263)
(2333,12.259)
(2334,12.215)
(2335,12.277)
(2336,12.238)
(2337,12.358)
(2338,12.459)
(2339,12.359)
(2340,12.491)
(2341,12.309)
(2342,12.314)
(2343,12.401)
(2344,12.729)
(2345,12.747)
(2346,12.792)
(2347,12.471)
(2348,12.496)
(2349,12.444)
(2350,12.437)
(2351,12.348)
(2352,12.427)
(2353,12.486)
(2354,12.567)
(2355,12.599)
(2356,12.879)
(2357,12.579)
(2358,12.503)
(2359,12.576)
(2360,12.555)
(2361,12.865)
(2362,12.790)
(2363,12.646)
(2364,12.780)
(2365,12.673)
(2366,12.697)
(2367,12.552)
(2368,12.643)
(2369,13.824)
(2370,12.736)
(2371,12.836)
(2372,12.755)
(2373,12.661)
(2374,12.620)
(2375,12.726)
(2376,12.780)
(2377,12.684)
(2378,12.779)
(2379,12.816)
(2380,12.680)
(2381,12.705)
(2382,12.716)
(2383,12.799)
(2384,12.825)
(2385,13.522)
(2386,14.097)
(2387,12.971)
(2388,12.816)
(2389,13.463)
(2390,13.571)
(2391,13.081)
(2392,13.355)
(2393,13.383)
(2394,13.382)
(2395,13.050)
(2396,13.442)
(2397,14.023)
(2398,13.236)
(2399,12.977)
(2400,13.674)
(2401,13.670)
(2402,13.809)
(2403,13.640)
(2404,13.772)
(2405,14.068)
(2406,15.497)
(2407,13.960)
(2408,13.100)
(2409,14.405)
(2410,16.162)
(2411,13.457)
(2412,14.125)
(2413,14.131)
(2414,13.744)
(2415,13.614)
(2416,13.420)
(2417,13.364)
(2418,13.408)
(2419,13.561)
(2420,13.400)
(2421,13.507)
(2422,13.266)
(2423,13.201)
(2424,13.411)
(2425,13.268)
(2426,13.402)
(2427,13.365)
(2428,13.537)
(2429,13.818)
(2430,13.891)
(2431,14.300)
(2432,13.629)
(2433,13.328)
(2434,13.419)
(2435,13.486)
(2436,13.736)
(2437,13.457)
(2438,13.391)
(2439,13.369)
(2440,13.330)
(2441,13.418)
(2442,13.603)
(2443,13.546)
(2444,13.414)
(2445,13.489)
(2446,13.592)
(2447,13.812)
(2448,13.556)
(2449,13.515)
(2450,13.641)
(2451,13.588)
(2452,13.786)
(2453,13.508)
(2454,13.525)
(2455,13.597)
(2456,13.550)
(2457,13.571)
(2458,13.641)
(2459,13.642)
(2460,13.736)
(2461,13.632)
(2462,13.706)
(2463,13.700)
(2464,13.703)
(2465,13.726)
(2466,13.630)
(2467,13.878)
(2468,14.128)
(2469,13.953)
(2470,13.737)
(2471,13.646)
(2472,13.786)
(2473,13.761)
(2474,13.793)
(2475,13.674)
(2476,13.885)
(2477,13.900)
(2478,13.928)
(2479,13.941)
(2480,13.860)
(2481,14.067)
(2482,13.848)
(2483,13.846)
(2484,13.947)
(2485,13.871)
(2486,13.968)
(2487,13.919)
(2488,14.123)
(2489,14.325)
(2490,14.795)
(2491,14.275)
(2492,14.046)
(2493,14.340)
(2494,14.139)
(2495,14.147)
(2496,13.949)
(2497,14.019)
(2498,14.616)
(2499,14.565)
(2500,14.220)
(2501,14.253)
(2502,14.273)
(2503,13.984)
(2504,14.189)
(2505,14.146)
(2506,14.060)
(2507,14.050)
(2508,14.170)
(2509,14.129)
(2510,14.656)
(2511,14.286)
(2512,14.690)
(2513,14.660)
(2514,14.257)
(2515,14.241)
(2516,14.303)
(2517,14.200)
(2518,14.262)
(2519,14.206)
(2520,14.542)
(2521,14.476)
(2522,14.407)
(2523,14.292)
(2524,14.349)
(2525,14.356)
(2526,14.303)
(2527,14.284)
(2528,14.493)
(2529,14.482)
(2530,14.724)
(2531,15.050)
(2532,15.328)
(2533,14.905)
(2534,15.030)
(2535,15.540)
(2536,15.338)
(2537,15.100)
(2538,15.425)
(2539,15.492)
(2540,15.265)
(2541,14.720)
(2542,15.701)
(2543,15.180)
(2544,15.123)
(2545,15.729)
(2546,15.464)
(2547,15.454)
(2548,15.569)
(2549,15.637)
(2550,15.295)
(2551,15.468)
(2552,15.591)
(2553,15.583)
(2554,15.828)
(2555,15.730)
(2556,15.349)
(2557,15.860)
(2558,15.721)
(2559,15.509)
(2560,15.440)
(2561,15.362)
(2562,15.289)
(2563,14.914)
(2564,14.862)
(2565,15.208)
(2566,15.724)
(2567,16.246)
(2568,15.883)
(2569,15.443)
(2570,15.587)
(2571,15.435)
(2572,15.721)
(2573,15.703)
(2574,15.920)
(2575,16.131)
(2576,16.088)
(2577,16.033)
(2578,15.852)
(2579,15.590)
(2580,16.264)
(2581,16.560)
(2582,16.295)
(2583,16.242)
(2584,16.044)
(2585,16.117)
(2586,15.479)
(2587,15.408)
(2588,15.523)
(2589,15.859)
(2590,16.139)
(2591,16.250)
(2592,16.330)
(2593,16.033)
(2594,15.721)
(2595,16.126)
(2596,16.027)
(2597,16.151)
(2598,16.228)
(2599,16.016)
(2600,15.591)
(2601,15.219)
(2602,15.246)
(2603,15.182)
(2604,15.176)
(2605,15.209)
(2606,15.366)
(2607,15.292)
(2608,15.349)
(2609,15.282)
(2610,15.599)
(2611,15.456)
(2612,15.422)
(2613,16.304)
(2614,15.790)
(2615,15.845)
(2616,16.145)
(2617,16.529)
(2618,16.285)
(2619,16.124)
(2620,15.925)
(2621,16.469)
(2622,16.098)
(2623,16.872)
(2624,16.563)
(2625,16.607)
(2626,16.499)
(2627,16.703)
(2628,16.738)
(2629,16.663)
(2630,16.647)
(2631,16.827)
(2632,16.440)
(2633,16.255)
(2634,16.335)
(2635,15.835)
(2636,16.021)
(2637,16.136)
(2638,15.957)
(2639,16.237)
(2640,15.690)
(2641,15.830)
(2642,15.752)
(2643,15.840)
(2644,16.143)
(2645,15.773)
(2646,16.016)
(2647,15.823)
(2648,15.785)
(2649,15.969)
(2650,16.005)
(2651,16.301)
(2652,15.945)
(2653,15.946)
(2654,15.859)
(2655,15.850)
(2656,15.966)
(2657,15.926)
(2658,15.903)
(2659,16.014)
(2660,15.973)
(2661,16.006)
(2662,16.125)
(2663,16.557)
(2664,16.228)
(2665,15.911)
(2666,16.301)
(2667,15.962)
(2668,16.252)
(2669,16.179)
(2670,15.981)
(2671,16.289)
(2672,16.346)
(2673,16.266)
(2674,16.388)
(2675,16.522)
(2676,16.322)
(2677,16.211)
(2678,16.308)
(2679,16.225)
(2680,16.254)
(2681,16.443)
(2682,16.129)
(2683,16.333)
(2684,16.172)
(2685,16.106)
(2686,16.412)
(2687,16.480)
(2688,16.444)
(2689,16.374)
(2690,16.352)
(2691,16.598)
(2692,17.740)
(2693,17.695)
(2694,16.337)
(2695,16.490)
(2696,16.465)
(2697,16.315)
(2698,16.462)
(2699,16.814)
(2700,16.806)
(2701,16.352)
(2702,16.400)
(2703,16.841)
(2704,16.991)
(2705,17.068)
(2706,16.660)
(2707,16.476)
(2708,16.462)
(2709,16.502)
(2710,16.975)
(2711,16.879)
(2712,16.957)
(2713,16.572)
(2714,16.537)
(2715,16.730)
(2716,16.768)
(2717,16.929)
(2718,16.532)
(2719,16.567)
(2720,16.577)
(2721,16.614)
(2722,16.676)
(2723,17.313)
(2724,16.815)
(2725,16.672)
(2726,16.705)
(2727,16.888)
(2728,16.692)
(2729,16.993)
(2730,16.878)
(2731,17.375)
(2732,17.622)
(2733,17.631)
(2734,17.928)
(2735,17.729)
(2736,17.715)
(2737,17.695)
(2738,18.070)
(2739,17.662)
(2740,17.730)
(2741,17.899)
(2742,17.891)
(2743,18.126)
(2744,18.046)
(2745,17.958)
(2746,18.232)
(2747,18.597)
(2748,18.610)
(2749,18.408)
(2750,17.496)
(2751,17.729)
(2752,18.640)
(2753,18.602)
(2754,18.466)
(2755,18.047)
(2756,18.608)
(2757,18.550)
(2758,19.192)
(2759,18.884)
(2760,18.809)
(2761,18.609)
(2762,19.282)
(2763,19.188)
(2764,19.693)
(2765,19.084)
(2766,18.918)
(2767,18.661)
(2768,18.200)
(2769,18.358)
(2770,18.016)
(2771,18.812)
(2772,19.179)
(2773,19.825)
(2774,19.121)
(2775,19.106)
(2776,18.300)
(2777,18.552)
(2778,18.495)
(2779,18.719)
(2780,18.787)
(2781,18.746)
(2782,18.609)
(2783,18.540)
(2784,18.462)
(2785,18.458)
(2786,18.703)
(2787,18.639)
(2788,18.861)
(2789,18.994)
(2790,18.598)
(2791,18.806)
(2792,18.908)
(2793,19.003)
(2794,19.139)
(2795,19.017)
(2796,19.617)
(2797,19.348)
(2798,19.027)
(2799,19.196)
(2800,19.436)
(2801,18.693)
(2802,19.032)
(2803,19.430)
(2804,19.183)
(2805,19.103)
(2806,19.319)
(2807,19.362)
(2808,18.939)
(2809,20.507)
(2810,20.025)
(2811,18.504)
(2812,18.798)
(2813,18.430)
(2814,17.629)
(2815,17.573)
(2816,17.613)
(2817,17.619)
(2818,17.569)
(2819,17.645)
(2820,17.571)
(2821,17.611)
(2822,17.659)
(2823,17.777)
(2824,17.872)
(2825,17.990)
(2826,18.048)
(2827,18.031)
(2828,18.640)
(2829,19.678)
(2830,21.353)
(2831,20.741)
(2832,20.640)
(2833,20.655)
(2834,20.153)
(2835,18.889)
(2836,18.579)
(2837,18.550)
(2838,17.955)
(2839,18.504)
(2840,18.323)
(2841,18.280)
(2842,18.648)
(2843,18.611)
(2844,18.134)
(2845,18.243)
(2846,18.551)
(2847,18.521)
(2848,18.306)
(2849,18.117)
(2850,18.227)
(2851,18.368)
(2852,18.455)
(2853,18.543)
(2854,18.287)
(2855,18.223)
(2856,18.282)
(2857,18.319)
(2858,18.367)
(2859,19.390)
(2860,18.475)
(2861,18.348)
(2862,18.260)
(2863,19.903)
(2864,18.482)
(2865,18.594)
(2866,18.352)
(2867,18.293)
(2868,18.494)
(2869,18.675)
(2870,18.424)
(2871,18.357)
(2872,18.782)
(2873,18.780)
(2874,19.109)
(2875,18.520)
(2876,19.121)
(2877,18.665)
(2878,18.598)
(2879,19.015)
(2880,18.692)
(2881,18.623)
(2882,18.854)
(2883,18.704)
(2884,18.675)
(2885,18.765)
(2886,18.629)
(2887,18.754)
(2888,18.631)
(2889,18.874)
(2890,18.822)
(2891,19.046)
(2892,18.856)
(2893,19.139)
(2894,18.898)
(2895,19.553)
(2896,19.276)
(2897,18.986)
(2898,18.876)
(2899,18.955)
(2900,19.129)
(2901,18.843)
(2902,18.945)
(2903,19.019)
(2904,19.137)
(2905,19.373)
(2906,19.025)
(2907,18.880)
(2908,19.009)
(2909,18.955)
(2910,19.143)
(2911,19.057)
(2912,18.988)
(2913,19.103)
(2914,18.999)
(2915,19.134)
(2916,19.275)
(2917,19.246)
(2918,19.350)
(2919,20.100)
(2920,20.614)
(2921,20.645)
(2922,21.424)
(2923,21.861)
(2924,21.620)
(2925,21.863)
(2926,22.109)
(2927,21.019)
(2928,20.848)
(2929,21.641)
(2930,22.130)
(2931,21.649)
(2932,21.974)
(2933,21.419)
(2934,20.836)
(2935,20.715)
(2936,20.962)
(2937,21.161)
(2938,21.036)
(2939,21.289)
(2940,21.037)
(2941,21.369)
(2942,21.108)
(2943,21.059)
(2944,21.405)
(2945,21.537)
(2946,21.035)
(2947,21.415)
(2948,21.177)
(2949,21.069)
(2950,21.238)
(2951,21.040)
(2952,20.762)
(2953,19.866)
(2954,20.284)
(2955,19.724)
(2956,19.495)
(2957,19.715)
(2958,20.495)
(2959,20.413)
(2960,20.986)
(2961,21.123)
(2962,20.426)
(2963,20.372)
(2964,21.255)
(2965,21.077)
(2966,21.428)
(2967,21.021)
(2968,21.476)
(2969,21.764)
(2970,21.693)
(2971,21.432)
(2972,21.404)
(2973,21.728)
(2974,20.756)
(2975,20.437)
(2976,20.092)
(2977,20.110)
(2978,20.463)
(2979,19.890)
(2980,19.951)
(2981,21.418)
(2982,20.430)
(2983,21.007)
(2984,21.819)
(2985,21.474)
(2986,20.548)
(2987,21.149)
(2988,20.311)
(2989,20.224)
(2990,20.495)
(2991,20.324)
(2992,20.450)
(2993,20.545)
(2994,20.307)
(2995,20.641)
(2996,20.149)
(2997,20.597)
(2998,20.363)
(2999,20.471)
