(0,0.000)
(1,0.000)
(2,0.000)
(3,0.000)
(4,0.000)
(5,0.000)
(6,0.000)
(7,0.000)
(8,0.000)
(9,0.000)
(10,0.000)
(11,0.001)
(12,0.000)
(13,0.000)
(14,0.001)
(15,0.000)
(16,0.000)
(17,0.000)
(18,0.001)
(19,0.001)
(20,0.001)
(21,0.001)
(22,0.001)
(23,0.001)
(24,0.001)
(25,0.001)
(26,0.001)
(27,0.000)
(28,0.000)
(29,0.001)
(30,0.000)
(31,0.001)
(32,0.001)
(33,0.001)
(34,0.001)
(35,0.001)
(36,0.001)
(37,0.001)
(38,0.001)
(39,0.001)
(40,0.001)
(41,0.001)
(42,0.001)
(43,0.002)
(44,0.001)
(45,0.002)
(46,0.001)
(47,0.002)
(48,0.001)
(49,0.002)
(50,0.002)
(51,0.002)
(52,0.002)
(53,0.002)
(54,0.002)
(55,0.002)
(56,0.002)
(57,0.002)
(58,0.003)
(59,0.002)
(60,0.002)
(61,0.003)
(62,0.002)
(63,0.002)
(64,0.002)
(65,0.003)
(66,0.003)
(67,0.003)
(68,0.003)
(69,0.003)
(70,0.003)
(71,0.003)
(72,0.004)
(73,0.003)
(74,0.003)
(75,0.003)
(76,0.004)
(77,0.004)
(78,0.004)
(79,0.004)
(80,0.005)
(81,0.004)
(82,0.004)
(83,0.004)
(84,0.005)
(85,0.005)
(86,0.004)
(87,0.005)
(88,0.005)
(89,0.006)
(90,0.005)
(91,0.005)
(92,0.005)
(93,0.005)
(94,0.006)
(95,0.006)
(96,0.006)
(97,0.006)
(98,0.007)
(99,0.006)
(100,0.007)
(101,0.006)
(102,0.007)
(103,0.007)
(104,0.007)
(105,0.007)
(106,0.007)
(107,0.008)
(108,0.008)
(109,0.008)
(110,0.008)
(111,0.008)
(112,0.008)
(113,0.008)
(114,0.008)
(115,0.009)
(116,0.008)
(117,0.009)
(118,0.008)
(119,0.008)
(120,0.010)
(121,0.009)
(122,0.009)
(123,0.009)
(124,0.009)
(125,0.010)
(126,0.010)
(127,0.010)
(128,0.010)
(129,0.010)
(130,0.011)
(131,0.010)
(132,0.011)
(133,0.011)
(134,0.011)
(135,0.011)
(136,0.011)
(137,0.011)
(138,0.011)
(139,0.012)
(140,0.012)
(141,0.012)
(142,0.013)
(143,0.013)
(144,0.013)
(145,0.012)
(146,0.013)
(147,0.014)
(148,0.013)
(149,0.013)
(150,0.014)
(151,0.015)
(152,0.014)
(153,0.014)
(154,0.015)
(155,0.015)
(156,0.014)
(157,0.015)
(158,0.015)
(159,0.015)
(160,0.016)
(161,0.016)
(162,0.015)
(163,0.016)
(164,0.016)
(165,0.016)
(166,0.017)
(167,0.017)
(168,0.018)
(169,0.018)
(170,0.018)
(171,0.017)
(172,0.018)
(173,0.019)
(174,0.019)
(175,0.019)
(176,0.019)
(177,0.020)
(178,0.019)
(179,0.019)
(180,0.019)
(181,0.019)
(182,0.020)
(183,0.020)
(184,0.020)
(185,0.020)
(186,0.021)
(187,0.020)
(188,0.021)
(189,0.022)
(190,0.021)
(191,0.022)
(192,0.022)
(193,0.022)
(194,0.023)
(195,0.023)
(196,0.023)
(197,0.023)
(198,0.023)
(199,0.024)
(200,0.023)
(201,0.023)
(202,0.024)
(203,0.024)
(204,0.024)
(205,0.025)
(206,0.025)
(207,0.026)
(208,0.025)
(209,0.026)
(210,0.026)
(211,0.031)
(212,0.026)
(213,0.027)
(214,0.027)
(215,0.027)
(216,0.027)
(217,0.028)
(218,0.028)
(219,0.027)
(220,0.028)
(221,0.029)
(222,0.029)
(223,0.030)
(224,0.030)
(225,0.030)
(226,0.030)
(227,0.031)
(228,0.031)
(229,0.031)
(230,0.031)
(231,0.031)
(232,0.031)
(233,0.032)
(234,0.032)
(235,0.032)
(236,0.034)
(237,0.034)
(238,0.034)
(239,0.033)
(240,0.034)
(241,0.034)
(242,0.033)
(243,0.034)
(244,0.035)
(245,0.036)
(246,0.036)
(247,0.036)
(248,0.036)
(249,0.036)
(250,0.036)
(251,0.037)
(252,0.037)
(253,0.038)
(254,0.037)
(255,0.039)
(256,0.039)
(257,0.039)
(258,0.040)
(259,0.039)
(260,0.040)
(261,0.040)
(262,0.041)
(263,0.041)
(264,0.042)
(265,0.042)
(266,0.042)
(267,0.043)
(268,0.043)
(269,0.043)
(270,0.043)
(271,0.045)
(272,0.045)
(273,0.045)
(274,0.046)
(275,0.046)
(276,0.046)
(277,0.046)
(278,0.047)
(279,0.047)
(280,0.048)
(281,0.048)
(282,0.048)
(283,0.048)
(284,0.048)
(285,0.048)
(286,0.048)
(287,0.049)
(288,0.049)
(289,0.049)
(290,0.050)
(291,0.051)
(292,0.052)
(293,0.052)
(294,0.052)
(295,0.053)
(296,0.052)
(297,0.054)
(298,0.054)
(299,0.054)
(300,0.055)
(301,0.058)
(302,0.056)
(303,0.056)
(304,0.057)
(305,0.058)
(306,0.059)
(307,0.059)
(308,0.059)
(309,0.060)
(310,0.060)
(311,0.060)
(312,0.060)
(313,0.061)
(314,0.061)
(315,0.062)
(316,0.063)
(317,0.062)
(318,0.063)
(319,0.064)
(320,0.064)
(321,0.065)
(322,0.065)
(323,0.065)
(324,0.066)
(325,0.066)
(326,0.066)
(327,0.068)
(328,0.067)
(329,0.068)
(330,0.068)
(331,0.068)
(332,0.069)
(333,0.069)
(334,0.070)
(335,0.070)
(336,0.070)
(337,0.071)
(338,0.072)
(339,0.072)
(340,0.072)
(341,0.072)
(342,0.073)
(343,0.073)
(344,0.073)
(345,0.074)
(346,0.074)
(347,0.074)
(348,0.075)
(349,0.076)
(350,0.076)
(351,0.076)
(352,0.076)
(353,0.076)
(354,0.077)
(355,0.080)
(356,0.077)
(357,0.077)
(358,0.078)
(359,0.078)
(360,0.087)
(361,0.080)
(362,0.080)
(363,0.080)
(364,0.080)
(365,0.080)
(366,0.080)
(367,0.081)
(368,0.091)
(369,0.081)
(370,0.082)
(371,0.082)
(372,0.080)
(373,0.082)
(374,0.085)
(375,0.084)
(376,0.084)
(377,0.092)
(378,0.085)
(379,0.085)
(380,0.084)
(381,0.084)
(382,0.090)
(383,0.086)
(384,0.087)
(385,0.085)
(386,0.088)
(387,0.087)
(388,0.095)
(389,0.089)
(390,0.088)
(391,0.090)
(392,0.094)
(393,0.091)
(394,0.091)
(395,0.091)
(396,0.093)
(397,0.092)
(398,0.093)
(399,0.097)
(400,0.095)
(401,0.096)
(402,0.096)
(403,0.096)
(404,0.097)
(405,0.098)
(406,0.099)
(407,0.099)
(408,0.099)
(409,0.100)
(410,0.100)
(411,0.101)
(412,0.102)
(413,0.102)
(414,0.102)
(415,0.103)
(416,0.102)
(417,0.102)
(418,0.103)
(419,0.104)
(420,0.104)
(421,0.105)
(422,0.105)
(423,0.106)
(424,0.108)
(425,0.108)
(426,0.109)
(427,0.109)
(428,0.108)
(429,0.109)
(430,0.110)
(431,0.110)
(432,0.111)
(433,0.112)
(434,0.113)
(435,0.115)
(436,0.111)
(437,0.112)
(438,0.113)
(439,0.113)
(440,0.114)
(441,0.114)
(442,0.115)
(443,0.115)
(444,0.117)
(445,0.118)
(446,0.119)
(447,0.118)
(448,0.119)
(449,0.119)
(450,0.118)
(451,0.119)
(452,0.119)
(453,0.120)
(454,0.121)
(455,0.121)
(456,0.122)
(457,0.122)
(458,0.123)
(459,0.123)
(460,0.123)
(461,0.125)
(462,0.125)
(463,0.126)
(464,0.126)
(465,0.126)
(466,0.129)
(467,0.128)
(468,0.127)
(469,0.128)
(470,0.129)
(471,0.129)
(472,0.131)
(473,0.131)
(474,0.132)
(475,0.133)
(476,0.133)
(477,0.133)
(478,0.134)
(479,0.134)
(480,0.135)
(481,0.136)
(482,0.136)
(483,0.137)
(484,0.138)
(485,0.138)
(486,0.140)
(487,0.140)
(488,0.141)
(489,0.141)
(490,0.143)
(491,0.143)
(492,0.144)
(493,0.145)
(494,0.150)
(495,0.147)
(496,0.148)
(497,0.149)
(498,0.149)
(499,0.150)
(500,0.150)
(501,0.150)
(502,0.152)
(503,0.152)
(504,0.153)
(505,0.154)
(506,0.154)
(507,0.155)
(508,0.156)
(509,0.156)
(510,0.156)
(511,0.156)
(512,0.158)
(513,0.157)
(514,0.159)
(515,0.159)
(516,0.160)
(517,0.160)
(518,0.161)
(519,0.159)
(520,0.161)
(521,0.161)
(522,0.163)
(523,0.164)
(524,0.165)
(525,0.165)
(526,0.165)
(527,0.167)
(528,0.167)
(529,0.169)
(530,0.169)
(531,0.169)
(532,0.170)
(533,0.172)
(534,0.172)
(535,0.173)
(536,0.174)
(537,0.175)
(538,0.175)
(539,0.176)
(540,0.177)
(541,0.180)
(542,0.178)
(543,0.179)
(544,0.179)
(545,0.180)
(546,0.180)
(547,0.182)
(548,0.181)
(549,0.182)
(550,0.178)
(551,0.166)
(552,0.166)
(553,0.166)
(554,0.168)
(555,0.168)
(556,0.169)
(557,0.169)
(558,0.169)
(559,0.170)
(560,0.172)
(561,0.189)
(562,0.189)
(563,0.193)
(564,0.190)
(565,0.191)
(566,0.192)
(567,0.192)
(568,0.180)
(569,0.175)
(570,0.177)
(571,0.178)
(572,0.177)
(573,0.178)
(574,0.178)
(575,0.179)
(576,0.179)
(577,0.181)
(578,0.182)
(579,0.183)
(580,0.182)
(581,0.184)
(582,0.184)
(583,0.184)
(584,0.210)
(585,0.192)
(586,0.187)
(587,0.187)
(588,0.190)
(589,0.190)
(590,0.191)
(591,0.191)
(592,0.193)
(593,0.194)
(594,0.193)
(595,0.193)
(596,0.194)
(597,0.194)
(598,0.212)
(599,0.216)
(600,0.217)
(601,0.217)
(602,0.219)
(603,0.217)
(604,0.211)
(605,0.198)
(606,0.199)
(607,0.199)
(608,0.200)
(609,0.201)
(610,0.201)
(611,0.201)
(612,0.202)
(613,0.203)
(614,0.204)
(615,0.205)
(616,0.205)
(617,0.206)
(618,0.206)
(619,0.229)
(620,0.229)
(621,0.232)
(622,0.218)
(623,0.210)
(624,0.210)
(625,0.211)
(626,0.212)
(627,0.218)
(628,0.237)
(629,0.238)
(630,0.238)
(631,0.216)
(632,0.217)
(633,0.226)
(634,0.230)
(635,0.218)
(636,0.220)
(637,0.221)
(638,0.224)
(639,0.238)
(640,0.224)
(641,0.224)
(642,0.225)
(643,0.226)
(644,0.226)
(645,0.227)
(646,0.228)
(647,0.228)
(648,0.230)
(649,0.229)
(650,0.231)
(651,0.232)
(652,0.232)
(653,0.232)
(654,0.233)
(655,0.241)
(656,0.245)
(657,0.237)
(658,0.245)
(659,0.249)
(660,0.240)
(661,0.240)
(662,0.263)
(663,0.246)
(664,0.246)
(665,0.247)
(666,0.272)
(667,0.248)
(668,0.250)
(669,0.258)
(670,0.279)
(671,0.249)
(672,0.245)
(673,0.248)
(674,0.250)
(675,0.250)
(676,0.251)
(677,0.252)
(678,0.254)
(679,0.253)
(680,0.255)
(681,0.254)
(682,0.254)
(683,0.265)
(684,0.281)
(685,0.287)
(686,0.281)
(687,0.283)
(688,0.283)
(689,0.285)
(690,0.273)
(691,0.259)
(692,0.290)
(693,0.294)
(694,0.293)
(695,0.293)
(696,0.294)
(697,0.295)
(698,0.297)
(699,0.299)
(700,0.295)
(701,0.297)
(702,0.298)
(703,0.297)
(704,0.299)
(705,0.299)
(706,0.301)
(707,0.301)
(708,0.301)
(709,0.303)
(710,0.303)
(711,0.303)
(712,0.306)
(713,0.304)
(714,0.306)
(715,0.306)
(716,0.318)
(717,0.324)
(718,0.308)
(719,0.318)
(720,0.318)
(721,0.316)
(722,0.317)
(723,0.316)
(724,0.323)
(725,0.320)
(726,0.321)
(727,0.319)
(728,0.321)
(729,0.322)
(730,0.323)
(731,0.324)
(732,0.324)
(733,0.325)
(734,0.325)
(735,0.327)
(736,0.322)
(737,0.298)
(738,0.299)
(739,0.300)
(740,0.300)
(741,0.300)
(742,0.301)
(743,0.301)
(744,0.303)
(745,0.303)
(746,0.304)
(747,0.318)
(748,0.337)
(749,0.339)
(750,0.341)
(751,0.341)
(752,0.344)
(753,0.345)
(754,0.346)
(755,0.348)
(756,0.351)
(757,0.350)
(758,0.350)
(759,0.351)
(760,0.335)
(761,0.318)
(762,0.318)
(763,0.320)
(764,0.328)
(765,0.324)
(766,0.321)
(767,0.345)
(768,0.359)
(769,0.362)
(770,0.358)
(771,0.357)
(772,0.325)
(773,0.326)
(774,0.327)
(775,0.328)
(776,0.328)
(777,0.330)
(778,0.332)
(779,0.334)
(780,0.376)
(781,0.368)
(782,0.370)
(783,0.370)
(784,0.371)
(785,0.371)
(786,0.373)
(787,0.373)
(788,0.374)
(789,0.375)
(790,0.357)
(791,0.340)
(792,0.341)
(793,0.374)
(794,0.343)
(795,0.365)
(796,0.350)
(797,0.346)
(798,0.346)
(799,0.349)
(800,0.350)
(801,0.350)
(802,0.351)
(803,0.353)
(804,0.383)
(805,0.361)
(806,0.373)
(807,0.363)
(808,0.373)
(809,0.358)
(810,0.359)
(811,0.360)
(812,0.361)
(813,0.362)
(814,0.361)
(815,0.393)
(816,0.401)
(817,0.404)
(818,0.364)
(819,0.365)
(820,0.365)
(821,0.368)
(822,0.383)
(823,0.368)
(824,0.401)
(825,0.401)
(826,0.394)
(827,0.372)
(828,0.373)
(829,0.375)
(830,0.374)
(831,0.375)
(832,0.377)
(833,0.377)
(834,0.416)
(835,0.416)
(836,0.382)
(837,0.383)
(838,0.393)
(839,0.400)
(840,0.394)
(841,0.398)
(842,0.398)
(843,0.429)
(844,0.429)
(845,0.402)
(846,0.390)
(847,0.391)
(848,0.391)
(849,0.391)
(850,0.392)
(851,0.393)
(852,0.421)
(853,0.395)
(854,0.403)
(855,0.427)
(856,0.399)
(857,0.433)
(858,0.442)
(859,0.444)
(860,0.445)
(861,0.447)
(862,0.447)
(863,0.451)
(864,0.412)
(865,0.405)
(866,0.409)
(867,0.411)
(868,0.413)
(869,0.413)
(870,0.415)
(871,0.426)
(872,0.462)
(873,0.443)
(874,0.419)
(875,0.435)
(876,0.419)
(877,0.431)
(878,0.434)
(879,0.420)
(880,0.422)
(881,0.422)
(882,0.436)
(883,0.425)
(884,0.428)
(885,0.428)
(886,0.442)
(887,0.479)
(888,0.478)
(889,0.485)
(890,0.480)
(891,0.481)
(892,0.442)
(893,0.437)
(894,0.439)
(895,0.440)
(896,0.441)
(897,0.442)
(898,0.443)
(899,0.461)
(900,0.443)
(901,0.492)
(902,0.496)
(903,0.447)
(904,0.488)
(905,0.496)
(906,0.496)
(907,0.491)
(908,0.453)
(909,0.455)
(910,0.455)
(911,0.471)
(912,0.456)
(913,0.457)
(914,0.459)
(915,0.470)
(916,0.465)
(917,0.458)
(918,0.478)
(919,0.461)
(920,0.461)
(921,0.498)
(922,0.512)
(923,0.515)
(924,0.471)
(925,0.479)
(926,0.509)
(927,0.501)
(928,0.470)
(929,0.519)
(930,0.521)
(931,0.527)
(932,0.479)
(933,0.490)
(934,0.490)
(935,0.478)
(936,0.479)
(937,0.480)
(938,0.480)
(939,0.518)
(940,0.530)
(941,0.531)
(942,0.533)
(943,0.510)
(944,0.514)
(945,0.537)
(946,0.537)
(947,0.536)
(948,0.489)
(949,0.489)
(950,0.489)
(951,0.489)
(952,0.491)
(953,0.492)
(954,0.493)
(955,0.521)
(956,0.498)
(957,0.499)
(958,0.519)
(959,0.498)
(960,0.522)
(961,0.499)
(962,0.516)
(963,0.500)
(964,0.500)
(965,0.503)
(966,0.503)
(967,0.504)
(968,0.521)
(969,0.506)
(970,0.538)
(971,0.514)
(972,0.505)
(973,0.532)
(974,0.506)
(975,0.507)
(976,0.508)
(977,0.518)
(978,0.568)
(979,0.517)
(980,0.518)
(981,0.538)
(982,0.520)
(983,0.530)
(984,0.576)
(985,0.551)
(986,0.538)
(987,0.525)
(988,0.527)
(989,0.528)
(990,0.527)
(991,0.560)
(992,0.570)
(993,0.561)
(994,0.545)
(995,0.528)
(996,0.547)
(997,0.529)
(998,0.538)
(999,0.565)
(1000,0.537)
(1001,0.539)
(1002,0.540)
(1003,0.541)
(1004,0.542)
(1005,0.552)
(1006,0.578)
(1007,0.550)
(1008,0.557)
(1009,0.548)
(1010,0.568)
(1011,0.549)
(1012,0.551)
(1013,0.569)
(1014,0.552)
(1015,0.557)
(1016,0.556)
(1017,0.570)
(1018,0.616)
(1019,0.623)
(1020,0.593)
(1021,0.571)
(1022,0.581)
(1023,0.585)
(1024,0.565)
(1025,0.567)
(1026,0.568)
(1027,0.585)
(1028,0.569)
(1029,0.572)
(1030,0.590)
(1031,0.634)
(1032,0.636)
(1033,0.641)
(1034,0.639)
(1035,0.639)
(1036,0.639)
(1037,0.640)
(1038,0.641)
(1039,0.643)
(1040,0.603)
(1041,0.607)
(1042,0.596)
(1043,0.587)
(1044,0.649)
(1045,0.649)
(1046,0.604)
(1047,0.588)
(1048,0.590)
(1049,0.591)
(1050,0.606)
(1051,0.592)
(1052,0.625)
(1053,0.600)
(1054,0.610)
(1055,0.599)
(1056,0.601)
(1057,0.602)
(1058,0.604)
(1059,0.616)
(1060,0.606)
(1061,0.606)
(1062,0.624)
(1063,0.625)
(1064,0.634)
(1065,0.624)
(1066,0.631)
(1067,0.609)
(1068,0.609)
(1069,0.611)
(1070,0.612)
(1071,0.636)
(1072,0.679)
(1073,0.646)
(1074,0.650)
(1075,0.617)
(1076,0.653)
(1077,0.673)
(1078,0.621)
(1079,0.622)
(1080,0.622)
(1081,0.625)
(1082,0.643)
(1083,0.641)
(1084,0.631)
(1085,0.630)
(1086,0.644)
(1087,0.630)
(1088,0.626)
(1089,0.631)
(1090,0.645)
(1091,0.637)
(1092,0.639)
(1093,0.658)
(1094,0.645)
(1095,0.711)
(1096,0.708)
(1097,0.712)
(1098,0.650)
(1099,0.645)
(1100,0.647)
(1101,0.671)
(1102,0.716)
(1103,0.670)
(1104,0.650)
(1105,0.679)
(1106,0.653)
(1107,0.692)
(1108,0.657)
(1109,0.659)
(1110,0.678)
(1111,0.663)
(1112,0.662)
(1113,0.722)
(1114,0.676)
(1115,0.673)
(1116,0.686)
(1117,0.665)
(1118,0.665)
(1119,0.683)
(1120,0.672)
(1121,0.676)
(1122,0.677)
(1123,0.687)
(1124,0.707)
(1125,0.678)
(1126,0.702)
(1127,0.749)
(1128,0.702)
(1129,0.679)
(1130,0.697)
(1131,0.686)
(1132,0.697)
(1133,0.690)
(1134,0.704)
(1135,0.685)
(1136,0.717)
(1137,0.713)
(1138,0.689)
(1139,0.709)
(1140,0.693)
(1141,0.715)
(1142,0.702)
(1143,0.715)
(1144,0.701)
(1145,0.741)
(1146,0.779)
(1147,0.703)
(1148,0.704)
(1149,0.706)
(1150,0.707)
(1151,0.759)
(1152,0.761)
(1153,0.717)
(1154,0.717)
(1155,0.712)
(1156,0.748)
(1157,0.726)
(1158,0.714)
(1159,0.737)
(1160,0.731)
(1161,0.733)
(1162,0.741)
(1163,0.729)
(1164,0.721)
(1165,0.721)
(1166,0.723)
(1167,0.723)
(1168,0.740)
(1169,0.741)
(1170,0.741)
(1171,0.744)
(1172,0.727)
(1173,0.744)
(1174,0.725)
(1175,0.731)
(1176,0.733)
(1177,0.751)
(1178,0.749)
(1179,0.780)
(1180,0.761)
(1181,0.741)
(1182,0.742)
(1183,0.744)
(1184,0.760)
(1185,0.746)
(1186,0.751)
(1187,0.762)
(1188,0.767)
(1189,0.830)
(1190,0.835)
(1191,0.829)
(1192,0.837)
(1193,0.832)
(1194,0.776)
(1195,0.788)
(1196,0.839)
(1197,0.809)
(1198,0.757)
(1199,0.779)
(1200,0.766)
(1201,0.768)
(1202,0.836)
(1203,0.852)
(1204,0.787)
(1205,0.794)
(1206,0.858)
(1207,0.854)
(1208,0.884)
(1209,0.906)
(1210,0.852)
(1211,0.851)
(1212,0.853)
(1213,0.859)
(1214,0.857)
(1215,0.865)
(1216,0.862)
(1217,0.866)
(1218,0.861)
(1219,0.864)
(1220,0.865)
(1221,0.866)
(1222,0.822)
(1223,0.788)
(1224,0.821)
(1225,0.872)
(1226,0.874)
(1227,0.824)
(1228,0.811)
(1229,0.852)
(1230,0.876)
(1231,0.888)
(1232,0.830)
(1233,0.800)
(1234,0.803)
(1235,0.805)
(1236,0.839)
(1237,0.833)
(1238,0.891)
(1239,0.893)
(1240,0.902)
(1241,0.865)
(1242,0.812)
(1243,0.830)
(1244,0.861)
(1245,0.903)
(1246,0.885)
(1247,0.818)
(1248,0.830)
(1249,0.837)
(1250,0.845)
(1251,0.861)
(1252,0.851)
(1253,0.835)
(1254,0.914)
(1255,0.917)
(1256,0.833)
(1257,0.832)
(1258,0.833)
(1259,0.916)
(1260,0.889)
(1261,0.863)
(1262,0.922)
(1263,0.886)
(1264,0.838)
(1265,0.838)
(1266,0.848)
(1267,0.848)
(1268,0.885)
(1269,0.871)
(1270,0.850)
(1271,0.850)
(1272,0.867)
(1273,0.847)
(1274,0.862)
(1275,0.854)
(1276,0.860)
(1277,0.887)
(1278,0.864)
(1279,0.859)
(1280,0.862)
(1281,0.879)
(1282,0.942)
(1283,0.918)
(1284,0.866)
(1285,0.983)
(1286,0.878)
(1287,0.874)
(1288,0.876)
(1289,0.907)
(1290,0.927)
(1291,0.904)
(1292,0.916)
(1293,0.887)
(1294,0.912)
(1295,0.973)
(1296,0.977)
(1297,0.913)
(1298,0.921)
(1299,0.979)
(1300,0.918)
(1301,0.889)
(1302,0.952)
(1303,0.908)
(1304,0.897)
(1305,0.962)
(1306,0.997)
(1307,0.922)
(1308,0.901)
(1309,0.903)
(1310,0.908)
(1311,0.924)
(1312,0.913)
(1313,0.908)
(1314,0.937)
(1315,0.922)
(1316,0.910)
(1317,0.919)
(1318,0.969)
(1319,1.010)
(1320,0.933)
(1321,1.013)
(1322,0.942)
(1323,0.921)
(1324,0.933)
(1325,0.936)
(1326,0.981)
(1327,1.022)
(1328,0.970)
(1329,0.927)
(1330,0.959)
(1331,0.929)
(1332,0.960)
(1333,0.935)
(1334,0.942)
(1335,0.954)
(1336,0.952)
(1337,0.935)
(1338,0.944)
(1339,0.964)
(1340,0.977)
(1341,0.950)
(1342,0.962)
(1343,0.957)
(1344,0.967)
(1345,0.956)
(1346,1.006)
(1347,1.071)
(1348,1.073)
(1349,0.973)
(1350,0.966)
(1351,0.969)
(1352,1.039)
(1353,1.061)
(1354,0.998)
(1355,1.051)
(1356,0.999)
(1357,0.976)
(1358,0.979)
(1359,0.998)
(1360,1.026)
(1361,0.990)
(1362,1.006)
(1363,0.987)
(1364,1.003)
(1365,0.985)
(1366,1.008)
(1367,1.081)
(1368,1.039)
(1369,0.991)
(1370,0.992)
(1371,1.011)
(1372,1.013)
(1373,1.017)
(1374,1.017)
(1375,1.030)
(1376,1.002)
(1377,1.021)
(1378,1.005)
(1379,1.028)
(1380,1.032)
(1381,1.054)
(1382,1.007)
(1383,1.088)
(1384,1.080)
(1385,1.028)
(1386,1.027)
(1387,1.045)
(1388,1.042)
(1389,1.018)
(1390,1.043)
(1391,1.131)
(1392,1.046)
(1393,1.049)
(1394,1.049)
(1395,1.035)
(1396,1.041)
(1397,1.023)
(1398,1.062)
(1399,1.050)
(1400,1.045)
(1401,1.137)
(1402,1.084)
(1403,1.037)
(1404,1.054)
(1405,1.129)
(1406,1.149)
(1407,1.273)
(1408,1.195)
(1409,1.146)
(1410,1.145)
(1411,1.148)
(1412,1.073)
(1413,1.149)
(1414,1.107)
(1415,1.078)
(1416,1.157)
(1417,1.143)
(1418,1.085)
(1419,1.161)
(1420,1.084)
(1421,1.052)
(1422,1.097)
(1423,1.093)
(1424,1.076)
(1425,1.169)
(1426,1.173)
(1427,1.174)
(1428,1.174)
(1429,1.153)
(1430,1.097)
(1431,1.069)
(1432,1.072)
(1433,1.143)
(1434,1.108)
(1435,1.105)
(1436,1.187)
(1437,1.073)
(1438,1.091)
(1439,1.078)
(1440,1.150)
(1441,1.144)
(1442,1.107)
(1443,1.095)
(1444,1.232)
(1445,1.226)
(1446,1.378)
(1447,1.371)
(1448,1.150)
(1449,1.093)
(1450,1.115)
(1451,1.095)
(1452,1.140)
(1453,1.214)
(1454,1.311)
(1455,1.342)
(1456,1.478)
(1457,1.283)
(1458,1.223)
(1459,1.316)
(1460,1.235)
(1461,1.222)
(1462,1.236)
(1463,1.229)
(1464,1.230)
(1465,1.234)
(1466,1.176)
(1467,1.240)
(1468,1.239)
(1469,1.204)
(1470,1.182)
(1471,1.131)
(1472,1.206)
(1473,1.147)
(1474,1.156)
(1475,1.176)
(1476,1.153)
(1477,1.131)
(1478,1.161)
(1479,1.156)
(1480,1.218)
(1481,1.255)
(1482,1.230)
(1483,1.142)
(1484,1.201)
(1485,1.266)
(1486,1.156)
(1487,1.177)
(1488,1.149)
(1489,1.168)
(1490,1.170)
(1491,1.182)
(1492,1.187)
(1493,1.162)
(1494,1.252)
(1495,1.277)
(1496,1.190)
(1497,1.203)
(1498,1.278)
(1499,1.180)
(1500,1.174)
(1501,1.191)
(1502,1.231)
(1503,1.201)
(1504,1.192)
(1505,1.205)
(1506,1.194)
(1507,1.250)
(1508,1.307)
(1509,1.223)
(1510,1.194)
(1511,1.200)
(1512,1.221)
(1513,1.219)
(1514,1.234)
(1515,1.228)
(1516,1.206)
(1517,1.282)
(1518,1.337)
(1519,1.232)
(1520,1.237)
(1521,1.277)
(1522,1.255)
(1523,1.224)
(1524,1.246)
(1525,1.286)
(1526,1.258)
(1527,1.235)
(1528,1.278)
(1529,1.250)
(1530,1.258)
(1531,1.233)
(1532,1.235)
(1533,1.235)
(1534,1.275)
(1535,1.261)
(1536,1.306)
(1537,1.259)
(1538,1.260)
(1539,1.251)
(1540,1.290)
(1541,1.289)
(1542,1.275)
(1543,1.266)
(1544,1.270)
(1545,1.270)
(1546,1.283)
(1547,1.257)
(1548,1.271)
(1549,1.264)
(1550,1.280)
(1551,1.274)
(1552,1.292)
(1553,1.264)
(1554,1.267)
(1555,1.299)
(1556,1.276)
(1557,1.344)
(1558,1.586)
(1559,1.638)
(1560,1.546)
(1561,1.381)
(1562,1.308)
(1563,1.285)
(1564,1.304)
(1565,1.334)
(1566,1.426)
(1567,1.430)
(1568,1.339)
(1569,1.309)
(1570,1.348)
(1571,1.502)
(1572,1.655)
(1573,1.552)
(1574,1.424)
(1575,1.445)
(1576,1.441)
(1577,1.442)
(1578,1.436)
(1579,1.348)
(1580,1.414)
(1581,1.304)
(1582,1.365)
(1583,1.636)
(1584,1.717)
(1585,1.468)
(1586,1.453)
(1587,1.455)
(1588,1.415)
(1589,1.366)
(1590,1.463)
(1591,1.468)
(1592,1.464)
(1593,1.492)
(1594,1.687)
(1595,1.811)
(1596,1.482)
(1597,1.476)
(1598,1.496)
(1599,1.481)
(1600,1.486)
(1601,1.440)
(1602,1.366)
(1603,1.467)
(1604,1.501)
(1605,1.746)
(1606,1.806)
(1607,1.499)
(1608,1.495)
(1609,1.507)
(1610,1.500)
(1611,1.507)
(1612,1.507)
(1613,1.482)
(1614,1.435)
(1615,1.526)
(1616,1.785)
(1617,1.800)
(1618,1.522)
(1619,1.534)
(1620,1.497)
(1621,1.538)
(1622,1.391)
(1623,1.405)
(1624,1.514)
(1625,1.534)
(1626,1.698)
(1627,1.922)
(1628,1.733)
(1629,1.555)
(1630,1.545)
(1631,1.555)
(1632,1.550)
(1633,1.567)
(1634,1.556)
(1635,1.570)
(1636,1.683)
(1637,1.907)
(1638,1.670)
(1639,1.573)
(1640,1.564)
(1641,1.577)
(1642,1.570)
(1643,1.571)
(1644,1.484)
(1645,1.477)
(1646,1.650)
(1647,1.863)
(1648,2.019)
(1649,1.645)
(1650,1.584)
(1651,1.597)
(1652,1.604)
(1653,1.619)
(1654,1.604)
(1655,1.618)
(1656,1.849)
(1657,1.938)
(1658,2.056)
(1659,1.782)
(1660,1.615)
(1661,1.617)
(1662,1.619)
(1663,1.613)
(1664,1.622)
(1665,1.724)
(1666,1.919)
(1667,2.020)
(1668,1.675)
(1669,1.635)
(1670,1.637)
(1671,1.642)
(1672,1.507)
(1673,1.577)
(1674,1.638)
(1675,1.643)
(1676,1.637)
(1677,1.702)
(1678,1.637)
(1679,1.644)
(1680,1.612)
(1681,1.615)
(1682,1.616)
(1683,1.619)
(1684,1.621)
(1685,1.644)
(1686,1.630)
(1687,1.628)
(1688,1.630)
(1689,1.622)
(1690,1.633)
(1691,1.523)
(1692,1.511)
(1693,1.604)
(1694,1.639)
(1695,1.731)
(1696,1.847)
(1697,2.066)
(1698,1.662)
(1699,1.650)
(1700,1.655)
(1701,1.653)
(1702,1.640)
(1703,1.506)
(1704,1.602)
(1705,1.745)
(1706,2.023)
(1707,1.857)
(1708,1.675)
(1709,1.683)
(1710,1.683)
(1711,1.684)
(1712,1.683)
(1713,1.681)
(1714,1.807)
(1715,2.111)
(1716,1.685)
(1717,1.705)
(1718,1.660)
(1719,1.601)
(1720,1.704)
(1721,1.670)
(1722,1.585)
(1723,1.640)
(1724,1.894)
(1725,2.063)
(1726,1.721)
(1727,1.729)
(1728,1.735)
(1729,1.723)
(1730,1.626)
(1731,1.577)
(1732,1.683)
(1733,1.824)
(1734,2.165)
(1735,1.853)
(1736,1.807)
(1737,1.734)
(1738,1.746)
(1739,1.735)
(1740,1.741)
(1741,1.746)
(1742,1.870)
(1743,2.170)
(1744,1.802)
(1745,1.757)
(1746,1.749)
(1747,1.830)
(1748,2.043)
(1749,1.793)
(1750,1.773)
(1751,1.944)
(1752,2.147)
(1753,1.937)
(1754,1.768)
(1755,1.776)
(1756,1.617)
(1757,1.750)
(1758,1.691)
(1759,1.632)
(1760,2.046)
(1761,2.185)
(1762,1.999)
(1763,1.781)
(1764,1.796)
(1765,1.790)
(1766,1.799)
(1767,1.688)
(1768,1.780)
(1769,2.003)
(1770,2.189)
(1771,1.802)
(1772,1.804)
(1773,1.850)
(1774,1.825)
(1775,1.808)
(1776,1.802)
(1777,1.866)
(1778,2.178)
(1779,2.011)
(1780,1.822)
(1781,1.844)
(1782,1.816)
(1783,1.824)
(1784,1.819)
(1785,1.817)
(1786,1.838)
(1787,2.266)
(1788,1.893)
(1789,1.787)
(1790,1.711)
(1791,1.823)
(1792,1.658)
(1793,1.777)
(1794,1.819)
(1795,1.987)
(1796,2.275)
(1797,1.847)
(1798,1.851)
(1799,1.845)
(1800,1.840)
(1801,1.917)
(1802,1.980)
(1803,1.849)
(1804,2.281)
(1805,2.041)
(1806,1.870)
(1807,1.863)
(1808,1.914)
(1809,1.925)
(1810,1.881)
(1811,1.871)
(1812,1.985)
(1813,2.339)
(1814,1.895)
(1815,1.887)
(1816,1.890)
(1817,1.797)
(1818,1.899)
(1819,1.758)
(1820,1.832)
(1821,1.975)
(1822,1.909)
(1823,1.892)
(1824,1.754)
(1825,1.771)
(1826,1.964)
(1827,1.737)
(1828,1.813)
(1829,1.959)
(1830,1.915)
(1831,1.795)
(1832,1.801)
(1833,1.928)
(1834,1.801)
(1835,1.771)
(1836,1.848)
(1837,1.937)
(1838,1.845)
(1839,1.799)
(1840,1.802)
(1841,1.771)
(1842,1.779)
(1843,1.822)
(1844,1.839)
(1845,1.782)
(1846,1.873)
(1847,1.894)
(1848,1.880)
(1849,1.785)
(1850,1.934)
(1851,1.854)
(1852,1.823)
(1853,1.822)
(1854,1.866)
(1855,1.814)
(1856,1.800)
(1857,1.836)
(1858,1.817)
(1859,2.149)
(1860,2.367)
(1861,1.965)
(1862,2.007)
(1863,1.870)
(1864,2.011)
(1865,1.919)
(1866,2.013)
(1867,1.828)
(1868,1.882)
(1869,1.864)
(1870,1.831)
(1871,1.989)
(1872,2.093)
(1873,2.073)
(1874,1.942)
(1875,2.028)
(1876,2.001)
(1877,1.846)
(1878,1.868)
(1879,1.891)
(1880,1.845)
(1881,1.939)
(1882,1.936)
(1883,1.954)
(1884,1.852)
(1885,1.868)
(1886,1.899)
(1887,1.864)
(1888,1.870)
(1889,2.047)
(1890,1.918)
(1891,1.940)
(1892,1.928)
(1893,2.174)
(1894,2.476)
(1895,2.074)
(1896,1.971)
(1897,2.069)
(1898,2.281)
(1899,2.458)
(1900,2.083)
(1901,2.074)
(1902,2.071)
(1903,1.919)
(1904,2.089)
(1905,2.122)
(1906,2.563)
(1907,2.149)
(1908,2.105)
(1909,2.091)
(1910,2.092)
(1911,2.110)
(1912,2.100)
(1913,2.262)
(1914,2.456)
(1915,2.118)
(1916,2.108)
(1917,2.000)
(1918,1.996)
(1919,2.083)
(1920,1.950)
(1921,2.272)
(1922,2.549)
(1923,2.130)
(1924,2.130)
(1925,2.131)
(1926,2.040)
(1927,1.955)
(1928,2.169)
(1929,2.563)
(1930,2.251)
(1931,2.145)
(1932,2.138)
(1933,2.078)
(1934,1.959)
(1935,2.036)
(1936,2.300)
(1937,2.558)
(1938,2.153)
(1939,2.157)
(1940,2.160)
(1941,2.002)
(1942,1.971)
(1943,2.085)
(1944,2.199)
(1945,2.099)
(1946,2.101)
(1947,2.008)
(1948,2.126)
(1949,1.970)
(1950,1.991)
(1951,2.066)
(1952,2.063)
(1953,1.984)
(1954,2.003)
(1955,1.980)
(1956,1.998)
(1957,2.007)
(1958,2.003)
(1959,2.017)
(1960,2.061)
(1961,2.001)
(1962,2.016)
(1963,2.000)
(1964,2.018)
(1965,2.002)
(1966,2.048)
(1967,2.036)
(1968,2.035)
(1969,2.044)
(1970,2.027)
(1971,2.056)
(1972,2.017)
(1973,2.030)
(1974,2.036)
(1975,2.049)
(1976,2.264)
(1977,2.266)
(1978,2.250)
(1979,2.124)
(1980,2.045)
(1981,2.073)
(1982,2.056)
(1983,2.091)
(1984,2.066)
(1985,2.077)
(1986,2.062)
(1987,2.071)
(1988,2.077)
(1989,2.063)
(1990,2.065)
(1991,2.053)
(1992,2.064)
(1993,2.082)
(1994,2.090)
(1995,2.093)
(1996,2.080)
(1997,2.080)
(1998,2.081)
(1999,2.082)
(2000,2.089)
(2001,2.111)
(2002,2.105)
(2003,2.095)
(2004,2.114)
(2005,2.136)
(2006,2.101)
(2007,2.130)
(2008,2.105)
(2009,2.122)
(2010,2.108)
(2011,2.306)
(2012,2.162)
(2013,2.127)
(2014,2.124)
(2015,2.159)
(2016,2.215)
(2017,2.131)
(2018,2.144)
(2019,2.185)
(2020,2.226)
(2021,2.133)
(2022,2.202)
(2023,2.176)
(2024,2.163)
(2025,2.145)
(2026,2.167)
(2027,2.151)
(2028,2.134)
(2029,2.248)
(2030,2.151)
(2031,2.157)
(2032,2.183)
(2033,2.586)
(2034,2.498)
(2035,2.196)
(2036,2.189)
(2037,2.244)
(2038,2.373)
(2039,2.383)
(2040,2.387)
(2041,2.336)
(2042,2.163)
(2043,2.196)
(2044,2.623)
(2045,3.032)
(2046,3.069)
(2047,3.124)
(2048,3.087)
(2049,3.124)
(2050,3.079)
(2051,3.135)
(2052,3.107)
(2053,2.690)
(2054,2.259)
(2055,3.076)
(2056,3.293)
(2057,3.277)
(2058,2.913)
(2059,2.232)
(2060,2.352)
(2061,2.296)
(2062,2.397)
(2063,2.324)
(2064,2.240)
(2065,2.236)
(2066,2.424)
(2067,2.252)
(2068,2.420)
(2069,2.342)
(2070,2.446)
(2071,2.353)
(2072,2.233)
(2073,2.245)
(2074,2.318)
(2075,2.309)
(2076,2.451)
(2077,2.525)
(2078,2.498)
(2079,2.437)
(2080,2.401)
(2081,2.301)
(2082,2.417)
(2083,2.551)
(2084,2.472)
(2085,2.444)
(2086,2.346)
(2087,2.411)
(2088,2.276)
(2089,2.498)
(2090,2.512)
(2091,2.323)
(2092,2.475)
(2093,2.270)
(2094,2.292)
(2095,2.285)
(2096,2.546)
(2097,2.527)
(2098,2.334)
(2099,2.336)
(2100,2.303)
(2101,2.310)
(2102,2.318)
(2103,2.496)
(2104,2.552)
(2105,2.567)
(2106,2.331)
(2107,2.338)
(2108,2.320)
(2109,2.406)
(2110,2.563)
(2111,2.541)
(2112,2.456)
(2113,2.510)
(2114,2.370)
(2115,2.346)
(2116,2.362)
(2117,2.570)
(2118,2.381)
(2119,2.373)
(2120,2.369)
(2121,2.341)
(2122,2.360)
(2123,2.505)
(2124,2.546)
(2125,2.366)
(2126,2.499)
(2127,2.423)
(2128,2.401)
(2129,2.390)
(2130,2.572)
(2131,2.499)
(2132,2.395)
(2133,2.542)
(2134,2.369)
(2135,2.393)
(2136,2.546)
(2137,2.664)
(2138,2.631)
(2139,2.615)
(2140,2.379)
(2141,2.415)
(2142,2.385)
(2143,2.520)
(2144,2.609)
(2145,2.417)
(2146,2.433)
(2147,2.403)
(2148,2.404)
(2149,2.453)
(2150,2.692)
(2151,2.665)
(2152,2.567)
(2153,2.361)
(2154,2.363)
(2155,2.368)
(2156,2.391)
(2157,2.641)
(2158,2.601)
(2159,2.412)
(2160,2.383)
(2161,2.370)
(2162,2.379)
(2163,2.571)
(2164,2.521)
(2165,2.498)
(2166,2.550)
(2167,2.395)
(2168,2.436)
(2169,2.440)
(2170,2.689)
(2171,2.482)
(2172,2.392)
(2173,2.407)
(2174,2.389)
(2175,2.408)
(2176,2.513)
(2177,2.699)
(2178,2.491)
(2179,2.602)
(2180,2.420)
(2181,2.474)
(2182,2.409)
(2183,2.715)
(2184,2.587)
(2185,2.445)
(2186,2.476)
(2187,2.508)
(2188,2.438)
(2189,2.606)
(2190,2.734)
(2191,2.699)
(2192,2.614)
(2193,2.630)
(2194,2.462)
(2195,2.626)
(2196,2.755)
(2197,2.715)
(2198,2.632)
(2199,2.500)
(2200,2.505)
(2201,2.629)
(2202,2.779)
(2203,2.730)
(2204,2.549)
(2205,2.665)
(2206,2.478)
(2207,2.571)
(2208,2.747)
(2209,2.737)
(2210,2.600)
(2211,2.526)
(2212,2.500)
(2213,2.558)
(2214,2.663)
(2215,2.783)
(2216,2.765)
(2217,2.735)
(2218,2.676)
(2219,2.589)
(2220,2.643)
(2221,3.071)
(2222,3.650)
(2223,3.620)
(2224,3.614)
(2225,2.737)
(2226,2.773)
(2227,2.827)
(2228,2.788)
(2229,2.789)
(2230,2.788)
(2231,2.725)
(2232,2.812)
(2233,2.818)
(2234,2.860)
(2235,2.825)
(2236,2.810)
(2237,2.843)
(2238,2.872)
(2239,2.820)
(2240,2.820)
(2241,2.820)
(2242,2.828)
(2243,2.853)
(2244,2.866)
(2245,2.718)
(2246,2.828)
(2247,2.814)
(2248,2.664)
(2249,2.868)
(2250,2.886)
(2251,2.859)
(2252,2.829)
(2253,2.769)
(2254,2.694)
(2255,2.908)
(2256,2.858)
(2257,2.794)
(2258,2.595)
(2259,2.600)
(2260,2.615)
(2261,2.819)
(2262,2.863)
(2263,2.637)
(2264,2.595)
(2265,2.598)
(2266,2.603)
(2267,2.811)
(2268,2.896)
(2269,2.886)
(2270,2.837)
(2271,2.623)
(2272,2.687)
(2273,2.815)
(2274,2.897)
(2275,2.901)
(2276,2.762)
(2277,2.635)
(2278,2.629)
(2279,2.940)
(2280,2.913)
(2281,2.640)
(2282,2.650)
(2283,2.658)
(2284,2.643)
(2285,2.974)
(2286,2.934)
(2287,2.920)
(2288,2.658)
(2289,2.665)
(2290,2.735)
(2291,2.989)
(2292,2.958)
(2293,2.813)
(2294,2.674)
(2295,2.663)
(2296,2.835)
(2297,2.975)
(2298,2.955)
(2299,2.741)
(2300,2.695)
(2301,2.681)
(2302,2.788)
(2303,3.002)
(2304,2.912)
(2305,2.700)
(2306,2.711)
(2307,2.730)
(2308,2.873)
(2309,3.015)
(2310,2.826)
(2311,2.741)
(2312,2.709)
(2313,2.745)
(2314,2.879)
(2315,3.009)
(2316,2.739)
(2317,2.812)
(2318,2.736)
(2319,2.721)
(2320,2.981)
(2321,3.024)
(2322,3.023)
(2323,2.832)
(2324,2.765)
(2325,2.893)
(2326,3.036)
(2327,2.942)
(2328,2.804)
(2329,2.771)
(2330,2.876)
(2331,2.890)
(2332,3.059)
(2333,3.028)
(2334,2.786)
(2335,2.813)
(2336,2.794)
(2337,3.064)
(2338,3.070)
(2339,2.926)
(2340,3.028)
(2341,2.930)
(2342,2.951)
(2343,3.134)
(2344,2.973)
(2345,2.817)
(2346,2.849)
(2347,2.856)
(2348,3.013)
(2349,3.102)
(2350,2.866)
(2351,2.900)
(2352,2.822)
(2353,2.933)
(2354,3.159)
(2355,3.014)
(2356,2.935)
(2357,2.995)
(2358,2.892)
(2359,3.061)
(2360,3.180)
(2361,3.096)
(2362,2.988)
(2363,2.903)
(2364,2.988)
(2365,3.230)
(2366,3.144)
(2367,3.099)
(2368,2.904)
(2369,3.105)
(2370,3.245)
(2371,3.247)
(2372,3.163)
(2373,3.169)
(2374,3.062)
(2375,3.132)
(2376,3.237)
(2377,3.207)
(2378,3.186)
(2379,3.158)
(2380,3.247)
(2381,3.194)
(2382,3.213)
(2383,3.110)
(2384,3.151)
(2385,3.022)
(2386,3.252)
(2387,3.204)
(2388,3.222)
(2389,3.093)
(2390,3.091)
(2391,3.268)
(2392,3.236)
(2393,3.214)
(2394,3.242)
(2395,3.237)
(2396,3.294)
(2397,3.230)
(2398,3.059)
(2399,3.149)
(2400,2.965)
(2401,3.250)
(2402,3.342)
(2403,3.255)
(2404,3.143)
(2405,3.257)
(2406,3.284)
(2407,3.326)
(2408,3.263)
(2409,3.256)
(2410,3.107)
(2411,3.253)
(2412,3.253)
(2413,3.219)
(2414,3.274)
(2415,3.223)
(2416,3.297)
(2417,3.305)
(2418,3.297)
(2419,3.292)
(2420,3.041)
(2421,3.140)
(2422,3.328)
(2423,3.309)
(2424,3.022)
(2425,3.026)
(2426,3.089)
(2427,3.136)
(2428,3.118)
(2429,3.042)
(2430,3.072)
(2431,3.012)
(2432,3.150)
(2433,3.004)
(2434,3.048)
(2435,3.030)
(2436,3.027)
(2437,3.059)
(2438,3.068)
(2439,3.088)
(2440,3.034)
(2441,3.157)
(2442,3.193)
(2443,3.367)
(2444,3.165)
(2445,3.110)
(2446,3.037)
(2447,3.115)
(2448,3.345)
(2449,3.239)
(2450,3.094)
(2451,3.106)
(2452,3.307)
(2453,3.213)
(2454,3.094)
(2455,3.083)
(2456,3.110)
(2457,3.066)
(2458,3.156)
(2459,3.099)
(2460,3.201)
(2461,3.083)
(2462,3.100)
(2463,3.097)
(2464,3.116)
(2465,3.122)
(2466,3.118)
(2467,3.180)
(2468,3.120)
(2469,3.207)
(2470,3.102)
(2471,3.139)
(2472,3.120)
(2473,3.147)
(2474,3.143)
(2475,3.344)
(2476,3.160)
(2477,3.286)
(2478,3.161)
(2479,3.236)
(2480,3.259)
(2481,3.278)
(2482,3.446)
(2483,3.218)
(2484,3.212)
(2485,3.286)
(2486,3.248)
(2487,3.159)
(2488,3.216)
(2489,3.167)
(2490,3.210)
(2491,3.168)
(2492,3.329)
(2493,3.196)
(2494,3.236)
(2495,3.207)
(2496,3.240)
(2497,3.185)
(2498,3.258)
(2499,3.196)
(2500,3.223)
(2501,3.214)
(2502,3.217)
(2503,3.220)
(2504,3.225)
(2505,3.231)
(2506,3.290)
(2507,3.252)
(2508,3.254)
(2509,3.228)
(2510,3.279)
(2511,3.257)
(2512,3.241)
(2513,3.233)
(2514,3.230)
(2515,3.240)
(2516,3.263)
(2517,3.275)
(2518,3.247)
(2519,3.252)
(2520,3.254)
(2521,3.259)
(2522,3.258)
(2523,3.287)
(2524,3.272)
(2525,3.268)
(2526,3.269)
(2527,3.272)
(2528,3.283)
(2529,3.289)
(2530,3.292)
(2531,3.286)
(2532,3.286)
(2533,3.284)
(2534,3.278)
(2535,3.281)
(2536,3.309)
(2537,3.291)
(2538,3.298)
(2539,3.328)
(2540,3.316)
(2541,3.445)
(2542,3.347)
(2543,3.451)
(2544,3.327)
(2545,3.355)
(2546,3.414)
(2547,3.365)
(2548,3.362)
(2549,3.364)
(2550,3.357)
(2551,3.347)
(2552,3.360)
(2553,3.491)
(2554,3.349)
(2555,3.389)
(2556,3.350)
(2557,3.389)
(2558,3.368)
(2559,3.388)
(2560,3.397)
(2561,3.417)
(2562,3.630)
(2563,3.410)
(2564,3.466)
(2565,3.411)
(2566,3.371)
(2567,3.379)
(2568,3.405)
(2569,3.836)
(2570,3.564)
(2571,3.435)
(2572,3.389)
(2573,3.390)
(2574,3.725)
(2575,3.744)
(2576,3.448)
(2577,3.402)
(2578,3.507)
(2579,3.790)
(2580,3.609)
(2581,3.411)
(2582,3.524)
(2583,3.691)
(2584,3.649)
(2585,3.419)
(2586,3.418)
(2587,3.465)
(2588,3.873)
(2589,3.610)
(2590,3.476)
(2591,3.448)
(2592,3.655)
(2593,3.805)
(2594,3.437)
(2595,3.443)
(2596,3.487)
(2597,3.852)
(2598,3.819)
(2599,3.568)
(2600,3.490)
(2601,3.649)
(2602,3.759)
(2603,3.641)
(2604,3.484)
(2605,3.468)
(2606,3.811)
(2607,3.987)
(2608,3.479)
(2609,3.490)
(2610,3.589)
(2611,3.928)
(2612,3.815)
(2613,3.632)
(2614,3.515)
(2615,3.925)
(2616,3.981)
(2617,3.892)
(2618,3.878)
(2619,3.934)
(2620,3.836)
(2621,3.602)
(2622,3.841)
(2623,3.922)
(2624,3.928)
(2625,4.088)
(2626,3.909)
(2627,3.909)
(2628,3.975)
(2629,3.825)
(2630,3.689)
(2631,3.519)
(2632,3.908)
(2633,3.895)
(2634,3.553)
(2635,3.565)
(2636,3.709)
(2637,3.862)
(2638,3.577)
(2639,3.577)
(2640,3.579)
(2641,3.890)
(2642,3.808)
(2643,3.614)
(2644,3.564)
(2645,3.691)
(2646,3.956)
(2647,3.583)
(2648,3.571)
(2649,3.595)
(2650,3.921)
(2651,3.755)
(2652,3.615)
(2653,3.623)
(2654,3.810)
(2655,3.926)
(2656,3.812)
(2657,3.619)
(2658,3.650)
(2659,3.916)
(2660,3.857)
(2661,3.600)
(2662,3.615)
(2663,3.892)
(2664,3.977)
(2665,3.616)
(2666,3.639)
(2667,3.779)
(2668,4.010)
(2669,4.019)
(2670,3.675)
(2671,3.671)
(2672,4.034)
(2673,4.062)
(2674,4.045)
(2675,3.882)
(2676,4.085)
(2677,4.138)
(2678,4.041)
(2679,4.039)
(2680,4.105)
(2681,3.987)
(2682,3.803)
(2683,4.246)
(2684,4.126)
(2685,4.063)
(2686,4.034)
(2687,3.673)
(2688,3.972)
(2689,4.053)
(2690,3.683)
(2691,3.698)
(2692,3.824)
(2693,4.084)
(2694,3.736)
(2695,3.704)
(2696,3.709)
(2697,4.149)
(2698,3.817)
(2699,3.717)
(2700,3.721)
(2701,4.054)
(2702,3.906)
(2703,3.838)
(2704,3.729)
(2705,3.963)
(2706,4.068)
(2707,4.022)
(2708,3.717)
(2709,3.856)
(2710,4.114)
(2711,3.918)
(2712,3.750)
(2713,3.777)
(2714,4.151)
(2715,3.963)
(2716,3.752)
(2717,3.762)
(2718,4.080)
(2719,3.867)
(2720,3.791)
(2721,3.770)
(2722,4.014)
(2723,4.091)
(2724,3.789)
(2725,3.786)
(2726,3.943)
(2727,4.094)
(2728,3.878)
(2729,3.808)
(2730,3.879)
(2731,4.134)
(2732,3.812)
(2733,3.852)
(2734,3.822)
(2735,4.207)
(2736,4.126)
(2737,3.828)
(2738,3.828)
(2739,4.105)
(2740,4.122)
(2741,3.851)
(2742,3.860)
(2743,4.083)
(2744,4.124)
(2745,3.917)
(2746,3.847)
(2747,4.073)
(2748,4.180)
(2749,3.935)
(2750,3.863)
(2751,4.000)
(2752,4.159)
(2753,4.033)
(2754,3.883)
(2755,4.007)
(2756,4.152)
(2757,3.923)
(2758,3.889)
(2759,3.958)
(2760,4.306)
(2761,4.115)
(2762,4.056)
(2763,4.121)
(2764,4.295)
(2765,4.074)
(2766,3.956)
(2767,4.326)
(2768,4.386)
(2769,4.114)
(2770,4.148)
(2771,4.126)
(2772,4.410)
(2773,4.042)
(2774,4.279)
(2775,4.142)
(2776,4.313)
(2777,4.181)
(2778,4.026)
(2779,4.221)
(2780,4.430)
(2781,4.148)
(2782,4.162)
(2783,4.293)
(2784,4.098)
(2785,4.053)
(2786,4.046)
(2787,4.379)
(2788,4.135)
(2789,4.065)
(2790,4.117)
(2791,4.203)
(2792,4.552)
(2793,4.475)
(2794,4.132)
(2795,4.279)
(2796,4.471)
(2797,4.090)
(2798,4.141)
(2799,4.514)
(2800,4.554)
(2801,4.479)
(2802,4.245)
(2803,4.525)
(2804,4.494)
(2805,4.406)
(2806,4.295)
(2807,4.308)
(2808,4.425)
(2809,4.122)
(2810,4.457)
(2811,4.460)
(2812,4.212)
(2813,4.103)
(2814,4.367)
(2815,4.180)
(2816,4.120)
(2817,4.137)
(2818,4.326)
(2819,4.282)
(2820,4.146)
(2821,4.117)
(2822,4.522)
(2823,4.155)
(2824,4.159)
(2825,4.182)
(2826,4.447)
(2827,4.148)
(2828,4.171)
(2829,4.229)
(2830,4.303)
(2831,4.159)
(2832,4.164)
(2833,4.206)
(2834,4.220)
(2835,4.177)
(2836,4.189)
(2837,4.190)
(2838,4.202)
(2839,4.181)
(2840,4.188)
(2841,4.164)
(2842,4.174)
(2843,4.171)
(2844,4.186)
(2845,4.170)
(2846,4.219)
(2847,4.211)
(2848,4.202)
(2849,4.202)
(2850,4.203)
(2851,4.205)
(2852,4.235)
(2853,4.205)
(2854,4.208)
(2855,4.221)
(2856,4.214)
(2857,4.223)
(2858,4.255)
(2859,4.215)
(2860,4.211)
(2861,4.207)
(2862,4.227)
(2863,4.211)
(2864,4.245)
(2865,4.226)
(2866,4.285)
(2867,4.344)
(2868,4.253)
(2869,4.228)
(2870,4.250)
(2871,4.282)
(2872,4.256)
(2873,4.239)
(2874,4.279)
(2875,4.269)
(2876,4.277)
(2877,4.251)
(2878,4.248)
(2879,4.261)
(2880,4.284)
(2881,4.266)
(2882,4.284)
(2883,4.273)
(2884,4.276)
(2885,4.308)
(2886,4.281)
(2887,4.312)
(2888,4.312)
(2889,4.294)
(2890,4.303)
(2891,4.312)
(2892,4.306)
(2893,4.361)
(2894,4.329)
(2895,4.321)
(2896,4.371)
(2897,4.335)
(2898,4.363)
(2899,4.403)
(2900,4.354)
(2901,4.456)
(2902,4.401)
(2903,4.372)
(2904,4.528)
(2905,4.509)
(2906,4.385)
(2907,4.465)
(2908,4.565)
(2909,4.392)
(2910,4.520)
(2911,4.529)
(2912,4.443)
(2913,4.603)
(2914,4.615)
(2915,4.480)
(2916,4.549)
(2917,4.450)
(2918,4.459)
(2919,4.756)
(2920,4.766)
(2921,5.395)
(2922,5.166)
(2923,4.855)
(2924,4.848)
(2925,4.895)
(2926,4.922)
(2927,4.884)
(2928,4.893)
(2929,4.951)
(2930,4.867)
(2931,4.670)
(2932,4.900)
(2933,4.755)
(2934,4.663)
(2935,4.812)
(2936,4.709)
(2937,4.992)
(2938,4.987)
(2939,4.904)
(2940,4.960)
(2941,4.913)
(2942,4.990)
(2943,4.657)
(2944,4.556)
(2945,4.762)
(2946,4.836)
(2947,4.506)
(2948,4.642)
(2949,4.694)
(2950,4.688)
(2951,4.581)
(2952,4.625)
(2953,4.491)
(2954,4.590)
(2955,4.515)
(2956,4.511)
(2957,4.559)
(2958,4.516)
(2959,4.534)
(2960,4.477)
(2961,4.497)
(2962,4.495)
(2963,4.508)
(2964,4.488)
(2965,4.525)
(2966,4.493)
(2967,4.521)
(2968,4.509)
(2969,4.515)
(2970,4.505)
(2971,4.495)
(2972,4.563)
(2973,4.517)
(2974,4.548)
(2975,4.521)
(2976,4.576)
(2977,4.542)
(2978,4.554)
(2979,4.586)
(2980,4.602)
(2981,4.546)
(2982,4.591)
(2983,4.558)
(2984,4.567)
(2985,4.562)
(2986,4.596)
(2987,4.622)
(2988,4.634)
(2989,4.611)
(2990,4.666)
(2991,4.622)
(2992,4.599)
(2993,4.763)
(2994,4.719)
(2995,4.630)
(2996,4.705)
(2997,4.744)
(2998,4.839)
(2999,4.683)
